       RCH      GIS   MON     AREAkm2  FLOW_INcms FLOW_OUTcms     
EVAPcms    TLOSScms  SED_INtons SED_OUTtonsSEDCONCmg/kg   ORGN_INkg  
ORGN_OUTkg   ORGP_INkg  ORGP_OUTkg    NO3_INkg   NO3_OUTkg    
NH4_INkg   NH4_OUTkg    NO2_INkg   NO2_OUTkg   MINP_INkg  MINP_OUTkg  
 CHLA_INkg  CHLA_OUTkg   CBOD_INkg  CBOD_OUTkg  DISOX_INkg 
DISOX_OUTkg SOLPST_INmgSOLPST_OUTmg SORPST_INmgSORPST_OUTmg  
REACTPSTmg    VOLPSTmg  
SETTLPSTmgRESUSP_PSTmgDIFFUSEPSTmgREACBEDPSTmg   BURYPSTmg   
BED_PSTmg BACTP_OUTctBACTLP_OUTct  CMETAL#1kg  CMETAL#2kg  CMETAL#3kg 
    TOT Nkg     TOT Pkg NO3ConcMg/l    WTMPdegc
REACH    1        0     1  0.1337E+01  0.2920E-01  0.2910E-01  
0.9987E-04  0.0000E+00  0.3441E-07  0.3441E-07  0.1369E-04  
0.1334E-06  0.0000E+00  0.4002E-06  0.0000E+00  0.9999E-01  
0.9965E-01  0.0000E+00  0.7193E-03  0.0000E+00  0.0000E+00  
0.1335E-06  0.0000E+00  0.0000E+00  0.0000E+00  0.0000E+00  
0.0000E+00  0.0000E+00  0.7544E-02  0.0000E+00  0.0000E+00  
0.0000E+00  0.0000E+00  0.0000E+00  0.0000E+00  0.0000E+00  
0.0000E+00  0.0000E+00  0.0000E+00  0.0000E+00  0.0000E+00  
0.0000E+00  0.0000E+00  0.0000E+00  0.0000E+00  0.0000E+00  
0.1004E+00  0.0000E+00  0.3963E-01  0.2041E+02
REACH    2        0     1  0.2266E+01  0.4651E-01  0.4646E-01  
0.5612E-04  0.0000E+00  0.5228E-07  0.0000E+00  0.0000E+00  
0.9301E-07  0.0000E+00  0.2790E-06  0.0000E+00  0.1512E+00  
0.1510E+00  0.7193E-03  0.1131E-02  0.0000E+00  0.0000E+00  
0.9311E-07  0.0000E+00  0.0000E+00  0.0000E+00  0.0000E+00  
0.0000E+00  0.7544E-02  0.2260E-01  0.0000E+00  0.0000E+00  
0.0000E+00  0.0000E+00  0.0000E+00  0.0000E+00  0.0000E+00  
0.0000E+00  0.0000E+00  0.0000E+00  0.0000E+00  0.0000E+00  
0.0000E+00  0.0000E+00  0.0000E+00  0.0000E+00  0.0000E+00  
0.1522E+00  0.0000E+00  0.3763E-01  0.2041E+02
REACH    3        0     1  0.3835E+01  0.7806E-01  0.7799E-01  
0.6663E-04  0.0000E+00  0.3268E-07  0.0000E+00  0.0000E+00  
0.1568E-06  0.0000E+00  0.4703E-06  0.0000E+00  0.1904E+00  
0.1902E+00  0.1131E-02  0.1626E-02  0.0000E+00  0.0000E+00  
0.1569E-06  0.0000E+00  0.0000E+00  0.0000E+00  0.0000E+00  
0.0000E+00  0.2260E-01  0.6775E-01  0.0000E+00  0.0000E+00  
0.0000E+00  0.0000E+00  0.0000E+00  0.0000E+00  0.0000E+00  
0.0000E+00  0.0000E+00  0.0000E+00  0.0000E+00  0.0000E+00  
0.0000E+00  0.0000E+00  0.0000E+00  0.0000E+00  0.0000E+00  
0.1918E+00  0.0000E+00  0.2823E-01  0.2041E+02
REACH    4        0     1  0.5950E+00  0.8780E-02  0.8749E-02  
0.3041E-04  0.0000E+00  0.1569E-07  0.1569E-07  0.2075E-04  
0.5958E-07  0.0000E+00  0.1788E-06  0.0000E+00  0.5870E-02  
0.5849E-02  0.0000E+00  0.2105E-03  0.0000E+00  0.0000E+00  
0.5964E-07  0.0000E+00  0.0000E+00  0.0000E+00  0.0000E+00  
0.0000E+00  0.0000E+00  0.2268E-02  0.0000E+00  0.0000E+00  
0.0000E+00  0.0000E+00  0.0000E+00  0.0000E+00  0.0000E+00  
0.0000E+00  0.0000E+00  0.0000E+00  0.0000E+00  0.0000E+00  
0.0000E+00  0.0000E+00  0.0000E+00  0.0000E+00  0.0000E+00  
0.6060E-02  0.0000E+00  0.7738E-02  0.2041E+02
REACH    5        0     1  0.8613E+00  0.1647E-01  0.1640E-01  
0.7319E-04  0.0000E+00  0.2883E-07  0.2883E-07  0.2035E-04  
0.8637E-07  0.0000E+00  0.2591E-06  0.0000E+00  0.2833E-01  
0.2820E-01  0.0000E+00  0.5171E-03  0.0000E+00  0.0000E+00  
0.8645E-07  0.0000E+00  0.0000E+00  0.0000E+00  0.0000E+00  
0.0000E+00  0.0000E+00  0.4251E-02  0.0000E+00  0.0000E+00  
0.0000E+00  0.0000E+00  0.0000E+00  0.0000E+00  0.0000E+00  
0.0000E+00  0.0000E+00  0.0000E+00  0.0000E+00  0.0000E+00  
0.0000E+00  0.0000E+00  0.0000E+00  0.0000E+00  0.0000E+00  
0.2872E-01  0.0000E+00  0.1990E-01  0.2041E+02
REACH    6        0     1  0.5375E+00  0.9301E-02  0.9273E-02  
0.2804E-04  0.0000E+00  0.2971E-07  0.2971E-07  0.3708E-04  
0.5331E-07  0.0000E+00  0.1599E-06  0.0000E+00  0.7427E-02  
0.7405E-02  0.0000E+00  0.1989E-03  0.0000E+00  0.0000E+00  
0.5336E-07  0.0000E+00  0.0000E+00  0.0000E+00  0.0000E+00  
0.0000E+00  0.0000E+00  0.2403E-02  0.0000E+00  0.0000E+00  
0.0000E+00  0.0000E+00  0.0000E+00  0.0000E+00  0.0000E+00  
0.0000E+00  0.0000E+00  0.0000E+00  0.0000E+00  0.0000E+00  
0.0000E+00  0.0000E+00  0.0000E+00  0.0000E+00  0.0000E+00  
0.7604E-02  0.0000E+00  0.9242E-02  0.2041E+02
REACH    7        0     1  0.1842E+02  0.3796E+00  0.3783E+00  
0.1344E-02  0.0000E+00  0.1699E-06  0.0000E+00  0.0000E+00  
0.2351E-04  0.0000E+00  0.1034E-04  0.0000E+00  0.3412E+00  
0.3400E+00  0.5400E-02  0.1291E-01  0.0000E+00  0.0000E+00  
0.4091E-05  0.0000E+00  0.0000E+00  0.0000E+00  0.0000E+00  
0.0000E+00  0.1411E+00  0.4217E+00  0.0000E+00  0.0000E+00  
0.0000E+00  0.0000E+00  0.0000E+00  0.0000E+00  0.0000E+00  
0.0000E+00  0.0000E+00  0.0000E+00  0.0000E+00  0.0000E+00  
0.0000E+00  0.0000E+00  0.0000E+00  0.0000E+00  0.0000E+00  
0.3529E+00  0.0000E+00  0.1040E-01  0.2041E+02
REACH    8        0     1  0.1114E+01  0.2070E-01  0.2063E-01  
0.6917E-04  0.0000E+00  0.2283E-07  0.2283E-07  0.1281E-04  
0.1310E-05  0.0000E+00  0.9709E-06  0.0000E+00  0.1991E-01  
0.1984E-01  0.0000E+00  0.4935E-03  0.0000E+00  0.0000E+00  
0.3662E-06  0.0000E+00  0.0000E+00  0.0000E+00  0.0000E+00  
0.0000E+00  0.0000E+00  0.5347E-02  0.0000E+00  0.0000E+00  
0.0000E+00  0.0000E+00  0.0000E+00  0.0000E+00  0.0000E+00  
0.0000E+00  0.0000E+00  0.0000E+00  0.0000E+00  0.0000E+00  
0.0000E+00  0.0000E+00  0.0000E+00  0.0000E+00  0.0000E+00  
0.2033E-01  0.0000E+00  0.1113E-01  0.2041E+02
REACH    9        0     1  0.6744E+00  0.1429E-01  0.1427E-01  
0.1578E-04  0.0000E+00  0.1179E-07  0.1179E-07  0.9560E-05  
0.6716E-07  0.0000E+00  0.2015E-06  0.0000E+00  0.1052E-02  
0.1050E-02  0.0000E+00  0.1102E-03  0.0000E+00  0.0000E+00  
0.6723E-07  0.0000E+00  0.0000E+00  0.0000E+00  0.0000E+00  
0.0000E+00  0.0000E+00  0.3700E-02  0.0000E+00  0.0000E+00  
0.0000E+00  0.0000E+00  0.0000E+00  0.0000E+00  0.0000E+00  
0.0000E+00  0.0000E+00  0.0000E+00  0.0000E+00  0.0000E+00  
0.0000E+00  0.0000E+00  0.0000E+00  0.0000E+00  0.0000E+00  
0.1161E-02  0.0000E+00  0.8518E-03  0.2041E+02
REACH   10        0     1  0.3174E+01  0.7789E-01  0.7774E-01  
0.1515E-03  0.0000E+00  0.5941E-07  0.0000E+00  0.0000E+00  
0.2964E-07  0.0000E+00  0.8893E-07  0.0000E+00  0.2474E-01  
0.2469E-01  0.1126E-02  0.2245E-02  0.0000E+00  0.0000E+00  
0.2967E-07  0.0000E+00  0.0000E+00  0.0000E+00  0.0000E+00  
0.0000E+00  0.1849E-01  0.5535E-01  0.0000E+00  0.0000E+00  
0.0000E+00  0.0000E+00  0.0000E+00  0.0000E+00  0.0000E+00  
0.0000E+00  0.0000E+00  0.0000E+00  0.0000E+00  0.0000E+00  
0.0000E+00  0.0000E+00  0.0000E+00  0.0000E+00  0.0000E+00  
0.2694E-01  0.0000E+00  0.3676E-02  0.2041E+02
REACH   11        0     1  0.8369E+00  0.2517E-01  0.2513E-01  
0.3409E-04  0.0000E+00  0.1280E-07  0.1280E-07  0.5893E-05  
0.8306E-07  0.0000E+00  0.2492E-06  0.0000E+00  0.2096E-02  
0.2093E-02  0.0000E+00  0.2408E-03  0.0000E+00  0.0000E+00  
0.8314E-07  0.0000E+00  0.0000E+00  0.0000E+00  0.0000E+00  
0.0000E+00  0.0000E+00  0.6514E-02  0.0000E+00  0.0000E+00  
0.0000E+00  0.0000E+00  0.0000E+00  0.0000E+00  0.0000E+00  
0.0000E+00  0.0000E+00  0.0000E+00  0.0000E+00  0.0000E+00  
0.0000E+00  0.0000E+00  0.0000E+00  0.0000E+00  0.0000E+00  
0.2334E-02  0.0000E+00  0.9638E-03  0.2041E+02
REACH   12        0     1  0.4850E+00  0.1331E-01  0.1328E-01  
0.2871E-04  0.0000E+00  0.1586E-07  0.1586E-07  0.1383E-04  
0.4807E-07  0.0000E+00  0.1442E-06  0.0000E+00  0.2575E-02  
0.2569E-02  0.0000E+00  0.2024E-03  0.0000E+00  0.0000E+00  
0.4812E-07  0.0000E+00  0.0000E+00  0.0000E+00  0.0000E+00  
0.0000E+00  0.0000E+00  0.3441E-02  0.0000E+00  0.0000E+00  
0.0000E+00  0.0000E+00  0.0000E+00  0.0000E+00  0.0000E+00  
0.0000E+00  0.0000E+00  0.0000E+00  0.0000E+00  0.0000E+00  
0.0000E+00  0.0000E+00  0.0000E+00  0.0000E+00  0.0000E+00  
0.2772E-02  0.0000E+00  0.2240E-02  0.2041E+02
REACH   13        0     1  0.1554E+01  0.3300E-01  0.3291E-01  
0.9282E-04  0.0000E+00  0.1687E-07  0.1687E-07  0.5934E-05  
0.1550E-06  0.0000E+00  0.4651E-06  0.0000E+00  0.1956E-01  
0.1951E-01  0.0000E+00  0.6824E-03  0.0000E+00  0.0000E+00  
0.1552E-06  0.0000E+00  0.0000E+00  0.0000E+00  0.0000E+00  
0.0000E+00  0.0000E+00  0.8530E-02  0.0000E+00  0.0000E+00  
0.0000E+00  0.0000E+00  0.0000E+00  0.0000E+00  0.0000E+00  
0.0000E+00  0.0000E+00  0.0000E+00  0.0000E+00  0.0000E+00  
0.0000E+00  0.0000E+00  0.0000E+00  0.0000E+00  0.0000E+00  
0.2019E-01  0.0000E+00  0.6860E-02  0.2041E+02
REACH    1        0     2  0.1337E+01  0.2850E-01  0.2840E-01  
0.1015E-03  0.0000E+00  0.3441E-07  0.3441E-07  0.1402E-04  
0.1334E-06  0.0000E+00  0.4002E-06  0.0000E+00  0.9263E-01  
0.9231E-01  0.0000E+00  0.7202E-03  0.0000E+00  0.0000E+00  
0.1335E-06  0.0000E+00  0.0000E+00  0.0000E+00  0.0000E+00  
0.0000E+00  0.0000E+00  0.7362E-02  0.0000E+00  0.0000E+00  
0.0000E+00  0.0000E+00  0.0000E+00  0.0000E+00  0.0000E+00  
0.0000E+00  0.0000E+00  0.0000E+00  0.0000E+00  0.0000E+00  
0.0000E+00  0.0000E+00  0.0000E+00  0.0000E+00  0.0000E+00  
0.9303E-01  0.0000E+00  0.3761E-01  0.2071E+02
REACH    2        0     2  0.2266E+01  0.4526E-01  0.4520E-01  
0.5924E-04  0.0000E+00  0.5228E-07  0.0000E+00  0.0000E+00  
0.9301E-07  0.0000E+00  0.2790E-06  0.0000E+00  0.1401E+00  
0.1399E+00  0.7202E-03  0.1141E-02  0.0000E+00  0.0000E+00  
0.9311E-07  0.0000E+00  0.0000E+00  0.0000E+00  0.0000E+00  
0.0000E+00  0.7362E-02  0.2206E-01  0.0000E+00  0.0000E+00  
0.0000E+00  0.0000E+00  0.0000E+00  0.0000E+00  0.0000E+00  
0.0000E+00  0.0000E+00  0.0000E+00  0.0000E+00  0.0000E+00  
0.0000E+00  0.0000E+00  0.0000E+00  0.0000E+00  0.0000E+00  
0.1410E+00  0.0000E+00  0.3582E-01  0.2071E+02
REACH    3        0     2  0.3835E+01  0.7603E-01  0.7596E-01  
0.7032E-04  0.0000E+00  0.3268E-07  0.0000E+00  0.0000E+00  
0.1568E-06  0.0000E+00  0.4703E-06  0.0000E+00  0.1753E+00  
0.1752E+00  0.1141E-02  0.1646E-02  0.0000E+00  0.0000E+00  
0.1569E-06  0.0000E+00  0.0000E+00  0.0000E+00  0.0000E+00  
0.0000E+00  0.2206E-01  0.6611E-01  0.0000E+00  0.0000E+00  
0.0000E+00  0.0000E+00  0.0000E+00  0.0000E+00  0.0000E+00  
0.0000E+00  0.0000E+00  0.0000E+00  0.0000E+00  0.0000E+00  
0.0000E+00  0.0000E+00  0.0000E+00  0.0000E+00  0.0000E+00  
0.1768E+00  0.0000E+00  0.2669E-01  0.2071E+02
REACH    4        0     2  0.5950E+00  0.8540E-02  0.8508E-02  
0.3210E-04  0.0000E+00  0.1569E-07  0.1569E-07  0.2134E-04  
0.5958E-07  0.0000E+00  0.1788E-06  0.0000E+00  0.5392E-02  
0.5371E-02  0.0000E+00  0.2150E-03  0.0000E+00  0.0000E+00  
0.5964E-07  0.0000E+00  0.0000E+00  0.0000E+00  0.0000E+00  
0.0000E+00  0.0000E+00  0.2205E-02  0.0000E+00  0.0000E+00  
0.0000E+00  0.0000E+00  0.0000E+00  0.0000E+00  0.0000E+00  
0.0000E+00  0.0000E+00  0.0000E+00  0.0000E+00  0.0000E+00  
0.0000E+00  0.0000E+00  0.0000E+00  0.0000E+00  0.0000E+00  
0.5586E-02  0.0000E+00  0.7307E-02  0.2071E+02
REACH    5        0     2  0.8613E+00  0.1601E-01  0.1593E-01  
0.7725E-04  0.0000E+00  0.2883E-07  0.2883E-07  0.2094E-04  
0.8637E-07  0.0000E+00  0.2591E-06  0.0000E+00  0.2593E-01  
0.2581E-01  0.0000E+00  0.5281E-03  0.0000E+00  0.0000E+00  
0.8645E-07  0.0000E+00  0.0000E+00  0.0000E+00  0.0000E+00  
0.0000E+00  0.0000E+00  0.4130E-02  0.0000E+00  0.0000E+00  
0.0000E+00  0.0000E+00  0.0000E+00  0.0000E+00  0.0000E+00  
0.0000E+00  0.0000E+00  0.0000E+00  0.0000E+00  0.0000E+00  
0.0000E+00  0.0000E+00  0.0000E+00  0.0000E+00  0.0000E+00  
0.2634E-01  0.0000E+00  0.1875E-01  0.2071E+02
REACH    6        0     2  0.5375E+00  0.9130E-02  0.9100E-02  
0.2959E-04  0.0000E+00  0.2971E-07  0.2971E-07  0.3778E-04  
0.5331E-07  0.0000E+00  0.1599E-06  0.0000E+00  0.6697E-02  
0.6676E-02  0.0000E+00  0.2032E-03  0.0000E+00  0.0000E+00  
0.5336E-07  0.0000E+00  0.0000E+00  0.0000E+00  0.0000E+00  
0.0000E+00  0.0000E+00  0.2359E-02  0.0000E+00  0.0000E+00  
0.0000E+00  0.0000E+00  0.0000E+00  0.0000E+00  0.0000E+00  
0.0000E+00  0.0000E+00  0.0000E+00  0.0000E+00  0.0000E+00  
0.0000E+00  0.0000E+00  0.0000E+00  0.0000E+00  0.0000E+00  
0.6879E-02  0.0000E+00  0.8490E-02  0.2071E+02
REACH    7        0     2  0.1842E+02  0.3721E+00  0.3707E+00  
0.1390E-02  0.0000E+00  0.1699E-06  0.0000E+00  0.0000E+00  
0.2978E-05  0.0000E+00  0.2202E-05  0.0000E+00  0.3135E+00  
0.3123E+00  0.5501E-02  0.1317E-01  0.0000E+00  0.0000E+00  
0.8021E-06  0.0000E+00  0.0000E+00  0.0000E+00  0.0000E+00  
0.0000E+00  0.1382E+00  0.4132E+00  0.0000E+00  0.0000E+00  
0.0000E+00  0.0000E+00  0.0000E+00  0.0000E+00  0.0000E+00  
0.0000E+00  0.0000E+00  0.0000E+00  0.0000E+00  0.0000E+00  
0.0000E+00  0.0000E+00  0.0000E+00  0.0000E+00  0.0000E+00  
0.3255E+00  0.0000E+00  0.9753E-02  0.2071E+02
REACH    8        0     2  0.1114E+01  0.2031E-01  0.2023E-01  
0.7299E-04  0.0000E+00  0.2283E-07  0.2283E-07  0.1306E-04  
0.2286E-06  0.0000E+00  0.3946E-06  0.0000E+00  0.1777E-01  
0.1771E-01  0.0000E+00  0.5041E-03  0.0000E+00  0.0000E+00  
0.1355E-06  0.0000E+00  0.0000E+00  0.0000E+00  0.0000E+00  
0.0000E+00  0.0000E+00  0.5245E-02  0.0000E+00  0.0000E+00  
0.0000E+00  0.0000E+00  0.0000E+00  0.0000E+00  0.0000E+00  
0.0000E+00  0.0000E+00  0.0000E+00  0.0000E+00  0.0000E+00  
0.0000E+00  0.0000E+00  0.0000E+00  0.0000E+00  0.0000E+00  
0.1821E-01  0.0000E+00  0.1013E-01  0.2071E+02
REACH    9        0     2  0.6744E+00  0.1403E-01  0.1402E-01  
0.1665E-04  0.0000E+00  0.1179E-07  0.1179E-07  0.9735E-05  
0.6716E-07  0.0000E+00  0.2015E-06  0.0000E+00  0.9112E-03  
0.9102E-03  0.0000E+00  0.1126E-03  0.0000E+00  0.0000E+00  
0.6723E-07  0.0000E+00  0.0000E+00  0.0000E+00  0.0000E+00  
0.0000E+00  0.0000E+00  0.3633E-02  0.0000E+00  0.0000E+00  
0.0000E+00  0.0000E+00  0.0000E+00  0.0000E+00  0.0000E+00  
0.0000E+00  0.0000E+00  0.0000E+00  0.0000E+00  0.0000E+00  
0.0000E+00  0.0000E+00  0.0000E+00  0.0000E+00  0.0000E+00  
0.1023E-02  0.0000E+00  0.7515E-03  0.2071E+02
REACH   10        0     2  0.3174E+01  0.7680E-01  0.7664E-01  
0.1599E-03  0.0000E+00  0.5941E-07  0.0000E+00  0.0000E+00  
0.2964E-07  0.0000E+00  0.8893E-07  0.0000E+00  0.2270E-01  
0.2266E-01  0.1150E-02  0.2293E-02  0.0000E+00  0.0000E+00  
0.2967E-07  0.0000E+00  0.0000E+00  0.0000E+00  0.0000E+00  
0.0000E+00  0.1822E-01  0.5456E-01  0.0000E+00  0.0000E+00  
0.0000E+00  0.0000E+00  0.0000E+00  0.0000E+00  0.0000E+00  
0.0000E+00  0.0000E+00  0.0000E+00  0.0000E+00  0.0000E+00  
0.0000E+00  0.0000E+00  0.0000E+00  0.0000E+00  0.0000E+00  
0.2495E-01  0.0000E+00  0.3422E-02  0.2071E+02
REACH   11        0     2  0.8369E+00  0.2488E-01  0.2484E-01  
0.3597E-04  0.0000E+00  0.1280E-07  0.1280E-07  0.5962E-05  
0.8306E-07  0.0000E+00  0.2492E-06  0.0000E+00  0.1880E-02  
0.1877E-02  0.0000E+00  0.2460E-03  0.0000E+00  0.0000E+00  
0.8314E-07  0.0000E+00  0.0000E+00  0.0000E+00  0.0000E+00  
0.0000E+00  0.0000E+00  0.6439E-02  0.0000E+00  0.0000E+00  
0.0000E+00  0.0000E+00  0.0000E+00  0.0000E+00  0.0000E+00  
0.0000E+00  0.0000E+00  0.0000E+00  0.0000E+00  0.0000E+00  
0.0000E+00  0.0000E+00  0.0000E+00  0.0000E+00  0.0000E+00  
0.2123E-02  0.0000E+00  0.8745E-03  0.2071E+02
       RCH      GIS   MON     AREAkm2  FLOW_INcms FLOW_OUTcms     
EVAPcms    TLOSScms  SED_INtons SED_OUTtonsSEDCONCmg/kg   ORGN_INkg  
ORGN_OUTkg   ORGP_INkg  ORGP_OUTkg    NO3_INkg   NO3_OUTkg    
NH4_INkg   NH4_OUTkg    NO2_INkg   NO2_OUTkg   MINP_INkg  MINP_OUTkg  
 CHLA_INkg  CHLA_OUTkg   CBOD_INkg  CBOD_OUTkg  DISOX_INkg 
DISOX_OUTkg SOLPST_INmgSOLPST_OUTmg SORPST_INmgSORPST_OUTmg  
REACTPSTmg    VOLPSTmg  
SETTLPSTmgRESUSP_PSTmgDIFFUSEPSTmgREACBEDPSTmg   BURYPSTmg   
BED_PSTmg BACTP_OUTctBACTLP_OUTct  CMETAL#1kg  CMETAL#2kg  CMETAL#3kg 
    TOT Nkg     TOT Pkg NO3ConcMg/l    WTMPdegc
REACH    1        0     1  0.1337E+01  0.2920E-01  0.2910E-01  
0.9987E-04  0.0000E+00  0.3441E-07  0.3441E-07  0.1369E-04  
0.1334E-06  0.0000E+00  0.4002E-06  0.0000E+00  0.9999E-01  
0.9965E-01  0.0000E+00  0.7193E-03  0.0000E+00  0.0000E+00  
0.1335E-06  0.0000E+00  0.0000E+00  0.0000E+00  0.0000E+00  
0.0000E+00  0.0000E+00  0.7544E-02  0.0000E+00  0.0000E+00  
0.0000E+00  0.0000E+00  0.0000E+00  0.0000E+00  0.0000E+00  
0.0000E+00  0.0000E+00  0.0000E+00  0.0000E+00  0.0000E+00  
0.0000E+00  0.0000E+00  0.0000E+00  0.0000E+00  0.0000E+00  
0.1004E+00  0.0000E+00  0.3963E-01  0.2041E+02
REACH    2        0     1  0.2266E+01  0.4651E-01  0.4646E-01  
0.5612E-04  0.0000E+00  0.5228E-07  0.0000E+00  0.0000E+00  
0.9301E-07  0.0000E+00  0.2790E-06  0.0000E+00  0.1512E+00  
0.1510E+00  0.7193E-03  0.1131E-02  0.0000E+00  0.0000E+00  
0.9311E-07  0.0000E+00  0.0000E+00  0.0000E+00  0.0000E+00  
0.0000E+00  0.7544E-02  0.2260E-01  0.0000E+00  0.0000E+00  
0.0000E+00  0.0000E+00  0.0000E+00  0.0000E+00  0.0000E+00  
0.0000E+00  0.0000E+00  0.0000E+00  0.0000E+00  0.0000E+00  
0.0000E+00  0.0000E+00  0.0000E+00  0.0000E+00  0.0000E+00  
0.1522E+00  0.0000E+00  0.3763E-01  0.2041E+02
REACH    3        0     1  0.3835E+01  0.7806E-01  0.7799E-01  
0.6663E-04  0.0000E+00  0.3268E-07  0.0000E+00  0.0000E+00  
0.1568E-06  0.0000E+00  0.4703E-06  0.0000E+00  0.1904E+00  
0.1902E+00  0.1131E-02  0.1626E-02  0.0000E+00  0.0000E+00  
0.1569E-06  0.0000E+00  0.0000E+00  0.0000E+00  0.0000E+00  
0.0000E+00  0.2260E-01  0.6775E-01  0.0000E+00  0.0000E+00  
0.0000E+00  0.0000E+00  0.0000E+00  0.0000E+00  0.0000E+00  
0.0000E+00  0.0000E+00  0.0000E+00  0.0000E+00  0.0000E+00  
0.0000E+00  0.0000E+00  0.0000E+00  0.0000E+00  0.0000E+00  
0.1918E+00  0.0000E+00  0.2823E-01  0.2041E+02
REACH    4        0     1  0.5950E+00  0.8780E-02  0.8749E-02  
0.3041E-04  0.0000E+00  0.1569E-07  0.1569E-07  0.2075E-04  
0.5958E-07  0.0000E+00  0.1788E-06  0.0000E+00  0.5870E-02  
0.5849E-02  0.0000E+00  0.2105E-03  0.0000E+00  0.0000E+00  
0.5964E-07  0.0000E+00  0.0000E+00  0.0000E+00  0.0000E+00  
0.0000E+00  0.0000E+00  0.2268E-02  0.0000E+00  0.0000E+00  
0.0000E+00  0.0000E+00  0.0000E+00  0.0000E+00  0.0000E+00  
0.0000E+00  0.0000E+00  0.0000E+00  0.0000E+00  0.0000E+00  
0.0000E+00  0.0000E+00  0.0000E+00  0.0000E+00  0.0000E+00  
0.6060E-02  0.0000E+00  0.7738E-02  0.2041E+02
REACH    5        0     1  0.8613E+00  0.1647E-01  0.1640E-01  
0.7319E-04  0.0000E+00  0.2883E-07  0.2883E-07  0.2035E-04  
0.8637E-07  0.0000E+00  0.2591E-06  0.0000E+00  0.2833E-01  
0.2820E-01  0.0000E+00  0.5171E-03  0.0000E+00  0.0000E+00  
0.8645E-07  0.0000E+00  0.0000E+00  0.0000E+00  0.0000E+00  
0.0000E+00  0.0000E+00  0.4251E-02  0.0000E+00  0.0000E+00  
0.0000E+00  0.0000E+00  0.0000E+00  0.0000E+00  0.0000E+00  
0.0000E+00  0.0000E+00  0.0000E+00  0.0000E+00  0.0000E+00  
0.0000E+00  0.0000E+00  0.0000E+00  0.0000E+00  0.0000E+00  
0.2872E-01  0.0000E+00  0.1990E-01  0.2041E+02
REACH    6        0     1  0.5375E+00  0.9301E-02  0.9273E-02  
0.2804E-04  0.0000E+00  0.2971E-07  0.2971E-07  0.3708E-04  
0.5331E-07  0.0000E+00  0.1599E-06  0.0000E+00  0.7427E-02  
0.7405E-02  0.0000E+00  0.1989E-03  0.0000E+00  0.0000E+00  
0.5336E-07  0.0000E+00  0.0000E+00  0.0000E+00  0.0000E+00  
0.0000E+00  0.0000E+00  0.2403E-02  0.0000E+00  0.0000E+00  
0.0000E+00  0.0000E+00  0.0000E+00  0.0000E+00  0.0000E+00  
0.0000E+00  0.0000E+00  0.0000E+00  0.0000E+00  0.0000E+00  
0.0000E+00  0.0000E+00  0.0000E+00  0.0000E+00  0.0000E+00  
0.7604E-02  0.0000E+00  0.9242E-02  0.2041E+02
REACH    7        0     1  0.1842E+02  0.3796E+00  0.3783E+00  
0.1344E-02  0.0000E+00  0.1699E-06  0.0000E+00  0.0000E+00  
0.2351E-04  0.0000E+00  0.1034E-04  0.0000E+00  0.3412E+00  
0.3400E+00  0.5400E-02  0.1291E-01  0.0000E+00  0.0000E+00  
0.4091E-05  0.0000E+00  0.0000E+00  0.0000E+00  0.0000E+00  
0.0000E+00  0.1411E+00  0.4217E+00  0.0000E+00  0.0000E+00  
0.0000E+00  0.0000E+00  0.0000E+00  0.0000E+00  0.0000E+00  
0.0000E+00  0.0000E+00  0.0000E+00  0.0000E+00  0.0000E+00  
0.0000E+00  0.0000E+00  0.0000E+00  0.0000E+00  0.0000E+00  
0.3529E+00  0.0000E+00  0.1040E-01  0.2041E+02
REACH    8        0     1  0.1114E+01  0.2070E-01  0.2063E-01  
0.6917E-04  0.0000E+00  0.2283E-07  0.2283E-07  0.1281E-04  
0.1310E-05  0.0000E+00  0.9709E-06  0.0000E+00  0.1991E-01  
0.1984E-01  0.0000E+00  0.4935E-03  0.0000E+00  0.0000E+00  
0.3662E-06  0.0000E+00  0.0000E+00  0.0000E+00  0.0000E+00  
0.0000E+00  0.0000E+00  0.5347E-02  0.0000E+00  0.0000E+00  
0.0000E+00  0.0000E+00  0.0000E+00  0.0000E+00  0.0000E+00  
0.0000E+00  0.0000E+00  0.0000E+00  0.0000E+00  0.0000E+00  
0.0000E+00  0.0000E+00  0.0000E+00  0.0000E+00  0.0000E+00  
0.2033E-01  0.0000E+00  0.1113E-01  0.2041E+02
REACH    9        0     1  0.6744E+00  0.1429E-01  0.1427E-01  
0.1578E-04  0.0000E+00  0.1179E-07  0.1179E-07  0.9560E-05  
0.6716E-07  0.0000E+00  0.2015E-06  0.0000E+00  0.1052E-02  
0.1050E-02  0.0000E+00  0.1102E-03  0.0000E+00  0.0000E+00  
0.6723E-07  0.0000E+00  0.0000E+00  0.0000E+00  0.0000E+00  
0.0000E+00  0.0000E+00  0.3700E-02  0.0000E+00  0.0000E+00  
0.0000E+00  0.0000E+00  0.0000E+00  0.0000E+00  0.0000E+00  
0.0000E+00  0.0000E+00  0.0000E+00  0.0000E+00  0.0000E+00  
0.0000E+00  0.0000E+00  0.0000E+00  0.0000E+00  0.0000E+00  
0.1161E-02  0.0000E+00  0.8518E-03  0.2041E+02
REACH   10        0     1  0.3174E+01  0.7789E-01  0.7774E-01  
0.1515E-03  0.0000E+00  0.5941E-07  0.0000E+00  0.0000E+00  
0.2964E-07  0.0000E+00  0.8893E-07  0.0000E+00  0.2474E-01  
0.2469E-01  0.1126E-02  0.2245E-02  0.0000E+00  0.0000E+00  
0.2967E-07  0.0000E+00  0.0000E+00  0.0000E+00  0.0000E+00  
0.0000E+00  0.1849E-01  0.5535E-01  0.0000E+00  0.0000E+00  
0.0000E+00  0.0000E+00  0.0000E+00  0.0000E+00  0.0000E+00  
0.0000E+00  0.0000E+00  0.0000E+00  0.0000E+00  0.0000E+00  
0.0000E+00  0.0000E+00  0.0000E+00  0.0000E+00  0.0000E+00  
0.2694E-01  0.0000E+00  0.3676E-02  0.2041E+02
REACH   11        0     1  0.8369E+00  0.2517E-01  0.2513E-01  
0.3409E-04  0.0000E+00  0.1280E-07  0.1280E-07  0.5893E-05  
0.8306E-07  0.0000E+00  0.2492E-06  0.0000E+00  0.2096E-02  
0.2093E-02  0.0000E+00  0.2408E-03  0.0000E+00  0.0000E+00  
0.8314E-07  0.0000E+00  0.0000E+00  0.0000E+00  0.0000E+00  
0.0000E+00  0.0000E+00  0.6514E-02  0.0000E+00  0.0000E+00  
0.0000E+00  0.0000E+00  0.0000E+00  0.0000E+00  0.0000E+00  
0.0000E+00  0.0000E+00  0.0000E+00  0.0000E+00  0.0000E+00  
0.0000E+00  0.0000E+00  0.0000E+00  0.0000E+00  0.0000E+00  
0.2334E-02  0.0000E+00  0.9638E-03  0.2041E+02
REACH   12        0     1  0.4850E+00  0.1331E-01  0.1328E-01  
0.2871E-04  0.0000E+00  0.1586E-07  0.1586E-07  0.1383E-04  
0.4807E-07  0.0000E+00  0.1442E-06  0.0000E+00  0.2575E-02  
0.2569E-02  0.0000E+00  0.2024E-03  0.0000E+00  0.0000E+00  
0.4812E-07  0.0000E+00  0.0000E+00  0.0000E+00  0.0000E+00  
0.0000E+00  0.0000E+00  0.3441E-02  0.0000E+00  0.0000E+00  
0.0000E+00  0.0000E+00  0.0000E+00  0.0000E+00  0.0000E+00  
0.0000E+00  0.0000E+00  0.0000E+00  0.0000E+00  0.0000E+00  
0.0000E+00  0.0000E+00  0.0000E+00  0.0000E+00  0.0000E+00  
0.2772E-02  0.0000E+00  0.2240E-02  0.2041E+02
REACH   13        0     1  0.1554E+01  0.3300E-01  0.3291E-01  
0.9282E-04  0.0000E+00  0.1687E-07  0.1687E-07  0.5934E-05  
0.1550E-06  0.0000E+00  0.4651E-06  0.0000E+00  0.1956E-01  
0.1951E-01  0.0000E+00  0.6824E-03  0.0000E+00  0.0000E+00  
0.1552E-06  0.0000E+00  0.0000E+00  0.0000E+00  0.0000E+00  
0.0000E+00  0.0000E+00  0.8530E-02  0.0000E+00  0.0000E+00  
0.0000E+00  0.0000E+00  0.0000E+00  0.0000E+00  0.0000E+00  
0.0000E+00  0.0000E+00  0.0000E+00  0.0000E+00  0.0000E+00  
0.0000E+00  0.0000E+00  0.0000E+00  0.0000E+00  0.0000E+00  
0.2019E-01  0.0000E+00  0.6860E-02  0.2041E+02
REACH    1        0     2  0.1337E+01  0.2850E-01  0.2840E-01  
0.1015E-03  0.0000E+00  0.3441E-07  0.3441E-07  0.1402E-04  
0.1334E-06  0.0000E+00  0.4002E-06  0.0000E+00  0.9263E-01  
0.9231E-01  0.0000E+00  0.7202E-03  0.0000E+00  0.0000E+00  
0.1335E-06  0.0000E+00  0.0000E+00  0.0000E+00  0.0000E+00  
0.0000E+00  0.0000E+00  0.7362E-02  0.0000E+00  0.0000E+00  
0.0000E+00  0.0000E+00  0.0000E+00  0.0000E+00  0.0000E+00  
0.0000E+00  0.0000E+00  0.0000E+00  0.0000E+00  0.0000E+00  
0.0000E+00  0.0000E+00  0.0000E+00  0.0000E+00  0.0000E+00  
0.9303E-01  0.0000E+00  0.3761E-01  0.2071E+02
REACH    2        0     2  0.2266E+01  0.4526E-01  0.4520E-01  
0.5924E-04  0.0000E+00  0.5228E-07  0.0000E+00  0.0000E+00  
0.9301E-07  0.0000E+00  0.2790E-06  0.0000E+00  0.1401E+00  
0.1399E+00  0.7202E-03  0.1141E-02  0.0000E+00  0.0000E+00  
0.9311E-07  0.0000E+00  0.0000E+00  0.0000E+00  0.0000E+00  
0.0000E+00  0.7362E-02  0.2206E-01  0.0000E+00  0.0000E+00  
0.0000E+00  0.0000E+00  0.0000E+00  0.0000E+00  0.0000E+00  
0.0000E+00  0.0000E+00  0.0000E+00  0.0000E+00  0.0000E+00  
0.0000E+00  0.0000E+00  0.0000E+00  0.0000E+00  0.0000E+00  
0.1410E+00  0.0000E+00  0.3582E-01  0.2071E+02
REACH    3        0     2  0.3835E+01  0.7603E-01  0.7596E-01  
0.7032E-04  0.0000E+00  0.3268E-07  0.0000E+00  0.0000E+00  
0.1568E-06  0.0000E+00  0.4703E-06  0.0000E+00  0.1753E+00  
0.1752E+00  0.1141E-02  0.1646E-02  0.0000E+00  0.0000E+00  
0.1569E-06  0.0000E+00  0.0000E+00  0.0000E+00  0.0000E+00  
0.0000E+00  0.2206E-01  0.6611E-01  0.0000E+00  0.0000E+00  
0.0000E+00  0.0000E+00  0.0000E+00  0.0000E+00  0.0000E+00  
0.0000E+00  0.0000E+00  0.0000E+00  0.0000E+00  0.0000E+00  
0.0000E+00  0.0000E+00  0.0000E+00  0.0000E+00  0.0000E+00  
0.1768E+00  0.0000E+00  0.2669E-01  0.2071E+02
REACH    4        0     2  0.5950E+00  0.8540E-02  0.8508E-02  
0.3210E-04  0.0000E+00  0.1569E-07  0.1569E-07  0.2134E-04  
0.5958E-07  0.0000E+00  0.1788E-06  0.0000E+00  0.5392E-02  
0.5371E-02  0.0000E+00  0.2150E-03  0.0000E+00  0.0000E+00  
0.5964E-07  0.0000E+00  0.0000E+00  0.0000E+00  0.0000E+00  
0.0000E+00  0.0000E+00  0.2205E-02  0.0000E+00  0.0000E+00  
0.0000E+00  0.0000E+00  0.0000E+00  0.0000E+00  0.0000E+00  
0.0000E+00  0.0000E+00  0.0000E+00  0.0000E+00  0.0000E+00  
0.0000E+00  0.0000E+00  0.0000E+00  0.0000E+00  0.0000E+00  
0.5586E-02  0.0000E+00  0.7307E-02  0.2071E+02
REACH    5        0     2  0.8613E+00  0.1601E-01  0.1593E-01  
0.7725E-04  0.0000E+00  0.2883E-07  0.2883E-07  0.2094E-04  
0.8637E-07  0.0000E+00  0.2591E-06  0.0000E+00  0.2593E-01  
0.2581E-01  0.0000E+00  0.5281E-03  0.0000E+00  0.0000E+00  
0.8645E-07  0.0000E+00  0.0000E+00  0.0000E+00  0.0000E+00  
0.0000E+00  0.0000E+00  0.4130E-02  0.0000E+00  0.0000E+00  
0.0000E+00  0.0000E+00  0.0000E+00  0.0000E+00  0.0000E+00  
0.0000E+00  0.0000E+00  0.0000E+00  0.0000E+00  0.0000E+00  
0.0000E+00  0.0000E+00  0.0000E+00  0.0000E+00  0.0000E+00  
0.2634E-01  0.0000E+00  0.1875E-01  0.2071E+02
REACH    6        0     2  0.5375E+00  0.9130E-02  0.9100E-02  
0.2959E-04  0.0000E+00  0.2971E-07  0.2971E-07  0.3778E-04  
0.5331E-07  0.0000E+00  0.1599E-06  0.0000E+00  0.6697E-02  
0.6676E-02  0.0000E+00  0.2032E-03  0.0000E+00  0.0000E+00  
0.5336E-07  0.0000E+00  0.0000E+00  0.0000E+00  0.0000E+00  
0.0000E+00  0.0000E+00  0.2359E-02  0.0000E+00  0.0000E+00  
0.0000E+00  0.0000E+00  0.0000E+00  0.0000E+00  0.0000E+00  
0.0000E+00  0.0000E+00  0.0000E+00  0.0000E+00  0.0000E+00  
0.0000E+00  0.0000E+00  0.0000E+00  0.0000E+00  0.0000E+00  
0.6879E-02  0.0000E+00  0.8490E-02  0.2071E+02
REACH    7        0     2  0.1842E+02  0.3721E+00  0.3707E+00  
0.1390E-02  0.0000E+00  0.1699E-06  0.0000E+00  0.0000E+00  
0.2978E-05  0.0000E+00  0.2202E-05  0.0000E+00  0.3135E+00  
0.3123E+00  0.5501E-02  0.1317E-01  0.0000E+00  0.0000E+00  
0.8021E-06  0.0000E+00  0.0000E+00  0.0000E+00  0.0000E+00  
0.0000E+00  0.1382E+00  0.4132E+00  0.0000E+00  0.0000E+00  
0.0000E+00  0.0000E+00  0.0000E+00  0.0000E+00  0.0000E+00  
0.0000E+00  0.0000E+00  0.0000E+00  0.0000E+00  0.0000E+00  
0.0000E+00  0.0000E+00  0.0000E+00  0.0000E+00  0.0000E+00  
0.3255E+00  0.0000E+00  0.9753E-02  0.2071E+02
REACH    8        0     2  0.1114E+01  0.2031E-01  0.2023E-01  
0.7299E-04  0.0000E+00  0.2283E-07  0.2283E-07  0.1306E-04  
0.2286E-06  0.0000E+00  0.3946E-06  0.0000E+00  0.1777E-01  
0.1771E-01  0.0000E+00  0.5041E-03  0.0000E+00  0.0000E+00  
0.1355E-06  0.0000E+00  0.0000E+00  0.0000E+00  0.0000E+00  
0.0000E+00  0.0000E+00  0.5245E-02  0.0000E+00  0.0000E+00  
0.0000E+00  0.0000E+00  0.0000E+00  0.0000E+00  0.0000E+00  
0.0000E+00  0.0000E+00  0.0000E+00  0.0000E+00  0.0000E+00  
0.0000E+00  0.0000E+00  0.0000E+00  0.0000E+00  0.0000E+00  
0.1821E-01  0.0000E+00  0.1013E-01  0.2071E+02
REACH    9        0     2  0.6744E+00  0.1403E-01  0.1402E-01  
0.1665E-04  0.0000E+00  0.1179E-07  0.1179E-07  0.9735E-05  
0.6716E-07  0.0000E+00  0.2015E-06  0.0000E+00  0.9112E-03  
0.9102E-03  0.0000E+00  0.1126E-03  0.0000E+00  0.0000E+00  
0.6723E-07  0.0000E+00  0.0000E+00  0.0000E+00  0.0000E+00  
0.0000E+00  0.0000E+00  0.3633E-02  0.0000E+00  0.0000E+00  
0.0000E+00  0.0000E+00  0.0000E+00  0.0000E+00  0.0000E+00  
0.0000E+00  0.0000E+00  0.0000E+00  0.0000E+00  0.0000E+00  
0.0000E+00  0.0000E+00  0.0000E+00  0.0000E+00  0.0000E+00  
0.1023E-02  0.0000E+00  0.7515E-03  0.2071E+02
REACH   10        0     2  0.3174E+01  0.7680E-01  0.7664E-01  
0.1599E-03  0.0000E+00  0.5941E-07  0.0000E+00  0.0000E+00  
0.2964E-07  0.0000E+00  0.8893E-07  0.0000E+00  0.2270E-01  
0.2266E-01  0.1150E-02  0.2293E-02  0.0000E+00  0.0000E+00  
0.2967E-07  0.0000E+00  0.0000E+00  0.0000E+00  0.0000E+00  
0.0000E+00  0.1822E-01  0.5456E-01  0.0000E+00  0.0000E+00  
0.0000E+00  0.0000E+00  0.0000E+00  0.0000E+00  0.0000E+00  
0.0000E+00  0.0000E+00  0.0000E+00  0.0000E+00  0.0000E+00  
0.0000E+00  0.0000E+00  0.0000E+00  0.0000E+00  0.0000E+00  
0.2495E-01  0.0000E+00  0.3422E-02  0.2071E+02
REACH   11        0     2  0.8369E+00  0.2488E-01  0.2484E-01  
0.3597E-04  0.0000E+00  0.1280E-07  0.1280E-07  0.5962E-05  
0.8306E-07  0.0000E+00  0.2492E-06  0.0000E+00  0.1880E-02  
0.1877E-02  0.0000E+00  0.2460E-03  0.0000E+00  0.0000E+00  
0.8314E-07  0.0000E+00  0.0000E+00  0.0000E+00  0.0000E+00  
0.0000E+00  0.0000E+00  0.6439E-02  0.0000E+00  0.0000E+00  
0.0000E+00  0.0000E+00  0.0000E+00  0.0000E+00  0.0000E+00  
0.0000E+00  0.0000E+00  0.0000E+00  0.0000E+00  0.0000E+00  
0.0000E+00  0.0000E+00  0.0000E+00  0.0000E+00  0.0000E+00  
0.2123E-02  0.0000E+00  0.8745E-03  0.2071E+02
       RCH      GIS   MON     AREAkm2  FLOW_INcms FLOW_OUTcms     
EVAPcms    TLOSScms  SED_INtons SED_OUTtonsSEDCONCmg/kg   ORGN_INkg  
ORGN_OUTkg   ORGP_INkg  ORGP_OUTkg    NO3_INkg   NO3_OUTkg    
NH4_INkg   NH4_OUTkg    NO2_INkg   NO2_OUTkg   MINP_INkg  MINP_OUTkg  
 CHLA_INkg  CHLA_OUTkg   CBOD_INkg  CBOD_OUTkg  DISOX_INkg 
DISOX_OUTkg SOLPST_INmgSOLPST_OUTmg SORPST_INmgSORPST_OUTmg  
REACTPSTmg    VOLPSTmg  
SETTLPSTmgRESUSP_PSTmgDIFFUSEPSTmgREACBEDPSTmg   BURYPSTmg   
BED_PSTmg BACTP_OUTctBACTLP_OUTct  CMETAL#1kg  CMETAL#2kg  CMETAL#3kg 
    TOT Nkg     TOT Pkg NO3ConcMg/l    WTMPdegc
REACH    1        0     1  0.1337E+01  0.2920E-01  0.2910E-01  
0.9987E-04  0.0000E+00  0.3441E-07  0.3441E-07  0.1369E-04  
0.1334E-06  0.0000E+00  0.4002E-06  0.0000E+00  0.9999E-01  
0.9965E-01  0.0000E+00  0.7193E-03  0.0000E+00  0.0000E+00  
0.1335E-06  0.0000E+00  0.0000E+00  0.0000E+00  0.0000E+00  
0.0000E+00  0.0000E+00  0.7544E-02  0.0000E+00  0.0000E+00  
0.0000E+00  0.0000E+00  0.0000E+00  0.0000E+00  0.0000E+00  
0.0000E+00  0.0000E+00  0.0000E+00  0.0000E+00  0.0000E+00  
0.0000E+00  0.0000E+00  0.0000E+00  0.0000E+00  0.0000E+00  
0.1004E+00  0.0000E+00  0.3963E-01  0.2041E+02
REACH    2        0     1  0.2266E+01  0.4651E-01  0.4646E-01  
0.5612E-04  0.0000E+00  0.5228E-07  0.0000E+00  0.0000E+00  
0.9301E-07  0.0000E+00  0.2790E-06  0.0000E+00  0.1512E+00  
0.1510E+00  0.7193E-03  0.1131E-02  0.0000E+00  0.0000E+00  
0.9311E-07  0.0000E+00  0.0000E+00  0.0000E+00  0.0000E+00  
0.0000E+00  0.7544E-02  0.2260E-01  0.0000E+00  0.0000E+00  
0.0000E+00  0.0000E+00  0.0000E+00  0.0000E+00  0.0000E+00  
0.0000E+00  0.0000E+00  0.0000E+00  0.0000E+00  0.0000E+00  
0.0000E+00  0.0000E+00  0.0000E+00  0.0000E+00  0.0000E+00  
0.1522E+00  0.0000E+00  0.3763E-01  0.2041E+02
REACH    3        0     1  0.3835E+01  0.7806E-01  0.7799E-01  
0.6663E-04  0.0000E+00  0.3268E-07  0.0000E+00  0.0000E+00  
0.1568E-06  0.0000E+00  0.4703E-06  0.0000E+00  0.1904E+00  
0.1902E+00  0.1131E-02  0.1626E-02  0.0000E+00  0.0000E+00  
0.1569E-06  0.0000E+00  0.0000E+00  0.0000E+00  0.0000E+00  
0.0000E+00  0.2260E-01  0.6775E-01  0.0000E+00  0.0000E+00  
0.0000E+00  0.0000E+00  0.0000E+00  0.0000E+00  0.0000E+00  
0.0000E+00  0.0000E+00  0.0000E+00  0.0000E+00  0.0000E+00  
0.0000E+00  0.0000E+00  0.0000E+00  0.0000E+00  0.0000E+00  
0.1918E+00  0.0000E+00  0.2823E-01  0.2041E+02
REACH    4        0     1  0.5950E+00  0.8780E-02  0.8749E-02  
0.3041E-04  0.0000E+00  0.1569E-07  0.1569E-07  0.2075E-04  
0.5958E-07  0.0000E+00  0.1788E-06  0.0000E+00  0.5870E-02  
0.5849E-02  0.0000E+00  0.2105E-03  0.0000E+00  0.0000E+00  
0.5964E-07  0.0000E+00  0.0000E+00  0.0000E+00  0.0000E+00  
0.0000E+00  0.0000E+00  0.2268E-02  0.0000E+00  0.0000E+00  
0.0000E+00  0.0000E+00  0.0000E+00  0.0000E+00  0.0000E+00  
0.0000E+00  0.0000E+00  0.0000E+00  0.0000E+00  0.0000E+00  
0.0000E+00  0.0000E+00  0.0000E+00  0.0000E+00  0.0000E+00  
0.6060E-02  0.0000E+00  0.7738E-02  0.2041E+02
REACH    5        0     1  0.8613E+00  0.1647E-01  0.1640E-01  
0.7319E-04  0.0000E+00  0.2883E-07  0.2883E-07  0.2035E-04  
0.8637E-07  0.0000E+00  0.2591E-06  0.0000E+00  0.2833E-01  
0.2820E-01  0.0000E+00  0.5171E-03  0.0000E+00  0.0000E+00  
0.8645E-07  0.0000E+00  0.0000E+00  0.0000E+00  0.0000E+00  
0.0000E+00  0.0000E+00  0.4251E-02  0.0000E+00  0.0000E+00  
0.0000E+00  0.0000E+00  0.0000E+00  0.0000E+00  0.0000E+00  
0.0000E+00  0.0000E+00  0.0000E+00  0.0000E+00  0.0000E+00  
0.0000E+00  0.0000E+00  0.0000E+00  0.0000E+00  0.0000E+00  
0.2872E-01  0.0000E+00  0.1990E-01  0.2041E+02
REACH    6        0     1  0.5375E+00  0.9301E-02  0.9273E-02  
0.2804E-04  0.0000E+00  0.2971E-07  0.2971E-07  0.3708E-04  
0.5331E-07  0.0000E+00  0.1599E-06  0.0000E+00  0.7427E-02  
0.7405E-02  0.0000E+00  0.1989E-03  0.0000E+00  0.0000E+00  
0.5336E-07  0.0000E+00  0.0000E+00  0.0000E+00  0.0000E+00  
0.0000E+00  0.0000E+00  0.2403E-02  0.0000E+00  0.0000E+00  
0.0000E+00  0.0000E+00  0.0000E+00  0.0000E+00  0.0000E+00  
0.0000E+00  0.0000E+00  0.0000E+00  0.0000E+00  0.0000E+00  
0.0000E+00  0.0000E+00  0.0000E+00  0.0000E+00  0.0000E+00  
0.7604E-02  0.0000E+00  0.9242E-02  0.2041E+02
REACH    7        0     1  0.1842E+02  0.3796E+00  0.3783E+00  
0.1344E-02  0.0000E+00  0.1699E-06  0.0000E+00  0.0000E+00  
0.2351E-04  0.0000E+00  0.1034E-04  0.0000E+00  0.3412E+00  
0.3400E+00  0.5400E-02  0.1291E-01  0.0000E+00  0.0000E+00  
0.4091E-05  0.0000E+00  0.0000E+00  0.0000E+00  0.0000E+00  
0.0000E+00  0.1411E+00  0.4217E+00  0.0000E+00  0.0000E+00  
0.0000E+00  0.0000E+00  0.0000E+00  0.0000E+00  0.0000E+00  
0.0000E+00  0.0000E+00  0.0000E+00  0.0000E+00  0.0000E+00  
0.0000E+00  0.0000E+00  0.0000E+00  0.0000E+00  0.0000E+00  
0.3529E+00  0.0000E+00  0.1040E-01  0.2041E+02
REACH    8        0     1  0.1114E+01  0.2070E-01  0.2063E-01  
0.6917E-04  0.0000E+00  0.2283E-07  0.2283E-07  0.1281E-04  
0.1310E-05  0.0000E+00  0.9709E-06  0.0000E+00  0.1991E-01  
0.1984E-01  0.0000E+00  0.4935E-03  0.0000E+00  0.0000E+00  
0.3662E-06  0.0000E+00  0.0000E+00  0.0000E+00  0.0000E+00  
0.0000E+00  0.0000E+00  0.5347E-02  0.0000E+00  0.0000E+00  
0.0000E+00  0.0000E+00  0.0000E+00  0.0000E+00  0.0000E+00  
0.0000E+00  0.0000E+00  0.0000E+00  0.0000E+00  0.0000E+00  
0.0000E+00  0.0000E+00  0.0000E+00  0.0000E+00  0.0000E+00  
0.2033E-01  0.0000E+00  0.1113E-01  0.2041E+02
REACH    9        0     1  0.6744E+00  0.1429E-01  0.1427E-01  
0.1578E-04  0.0000E+00  0.1179E-07  0.1179E-07  0.9560E-05  
0.6716E-07  0.0000E+00  0.2015E-06  0.0000E+00  0.1052E-02  
0.1050E-02  0.0000E+00  0.1102E-03  0.0000E+00  0.0000E+00  
0.6723E-07  0.0000E+00  0.0000E+00  0.0000E+00  0.0000E+00  
0.0000E+00  0.0000E+00  0.3700E-02  0.0000E+00  0.0000E+00  
0.0000E+00  0.0000E+00  0.0000E+00  0.0000E+00  0.0000E+00  
0.0000E+00  0.0000E+00  0.0000E+00  0.0000E+00  0.0000E+00  
0.0000E+00  0.0000E+00  0.0000E+00  0.0000E+00  0.0000E+00  
0.1161E-02  0.0000E+00  0.8518E-03  0.2041E+02
REACH   10        0     1  0.3174E+01  0.7789E-01  0.7774E-01  
0.1515E-03  0.0000E+00  0.5941E-07  0.0000E+00  0.0000E+00  
0.2964E-07  0.0000E+00  0.8893E-07  0.0000E+00  0.2474E-01  
0.2469E-01  0.1126E-02  0.2245E-02  0.0000E+00  0.0000E+00  
0.2967E-07  0.0000E+00  0.0000E+00  0.0000E+00  0.0000E+00  
0.0000E+00  0.1849E-01  0.5535E-01  0.0000E+00  0.0000E+00  
0.0000E+00  0.0000E+00  0.0000E+00  0.0000E+00  0.0000E+00  
0.0000E+00  0.0000E+00  0.0000E+00  0.0000E+00  0.0000E+00  
0.0000E+00  0.0000E+00  0.0000E+00  0.0000E+00  0.0000E+00  
0.2694E-01  0.0000E+00  0.3676E-02  0.2041E+02
REACH   11        0     1  0.8369E+00  0.2517E-01  0.2513E-01  
0.3409E-04  0.0000E+00  0.1280E-07  0.1280E-07  0.5893E-05  
0.8306E-07  0.0000E+00  0.2492E-06  0.0000E+00  0.2096E-02  
0.2093E-02  0.0000E+00  0.2408E-03  0.0000E+00  0.0000E+00  
0.8314E-07  0.0000E+00  0.0000E+00  0.0000E+00  0.0000E+00  
0.0000E+00  0.0000E+00  0.6514E-02  0.0000E+00  0.0000E+00  
0.0000E+00  0.0000E+00  0.0000E+00  0.0000E+00  0.0000E+00  
0.0000E+00  0.0000E+00  0.0000E+00  0.0000E+00  0.0000E+00  
0.0000E+00  0.0000E+00  0.0000E+00  0.0000E+00  0.0000E+00  
0.2334E-02  0.0000E+00  0.9638E-03  0.2041E+02
REACH   12        0     1  0.4850E+00  0.1331E-01  0.1328E-01  
0.2871E-04  0.0000E+00  0.1586E-07  0.1586E-07  0.1383E-04  
0.4807E-07  0.0000E+00  0.1442E-06  0.0000E+00  0.2575E-02  
0.2569E-02  0.0000E+00  0.2024E-03  0.0000E+00  0.0000E+00  
0.4812E-07  0.0000E+00  0.0000E+00  0.0000E+00  0.0000E+00  
0.0000E+00  0.0000E+00  0.3441E-02  0.0000E+00  0.0000E+00  
0.0000E+00  0.0000E+00  0.0000E+00  0.0000E+00  0.0000E+00  
0.0000E+00  0.0000E+00  0.0000E+00  0.0000E+00  0.0000E+00  
0.0000E+00  0.0000E+00  0.0000E+00  0.0000E+00  0.0000E+00  
0.2772E-02  0.0000E+00  0.2240E-02  0.2041E+02
REACH   13        0     1  0.1554E+01  0.3300E-01  0.3291E-01  
0.9282E-04  0.0000E+00  0.1687E-07  0.1687E-07  0.5934E-05  
0.1550E-06  0.0000E+00  0.4651E-06  0.0000E+00  0.1956E-01  
0.1951E-01  0.0000E+00  0.6824E-03  0.0000E+00  0.0000E+00  
0.1552E-06  0.0000E+00  0.0000E+00  0.0000E+00  0.0000E+00  
0.0000E+00  0.0000E+00  0.8530E-02  0.0000E+00  0.0000E+00  
0.0000E+00  0.0000E+00  0.0000E+00  0.0000E+00  0.0000E+00  
0.0000E+00  0.0000E+00  0.0000E+00  0.0000E+00  0.0000E+00  
0.0000E+00  0.0000E+00  0.0000E+00  0.0000E+00  0.0000E+00  
0.2019E-01  0.0000E+00  0.6860E-02  0.2041E+02
REACH    1        0     2  0.1337E+01  0.2850E-01  0.2840E-01  
0.1015E-03  0.0000E+00  0.3441E-07  0.3441E-07  0.1402E-04  
0.1334E-06  0.0000E+00  0.4002E-06  0.0000E+00  0.9263E-01  
0.9231E-01  0.0000E+00  0.7202E-03  0.0000E+00  0.0000E+00  
0.1335E-06  0.0000E+00  0.0000E+00  0.0000E+00  0.0000E+00  
0.0000E+00  0.0000E+00  0.7362E-02  0.0000E+00  0.0000E+00  
0.0000E+00  0.0000E+00  0.0000E+00  0.0000E+00  0.0000E+00  
0.0000E+00  0.0000E+00  0.0000E+00  0.0000E+00  0.0000E+00  
0.0000E+00  0.0000E+00  0.0000E+00  0.0000E+00  0.0000E+00  
0.9303E-01  0.0000E+00  0.3761E-01  0.2071E+02
REACH    2        0     2  0.2266E+01  0.4526E-01  0.4520E-01  
0.5924E-04  0.0000E+00  0.5228E-07  0.0000E+00  0.0000E+00  
0.9301E-07  0.0000E+00  0.2790E-06  0.0000E+00  0.1401E+00  
0.1399E+00  0.7202E-03  0.1141E-02  0.0000E+00  0.0000E+00  
0.9311E-07  0.0000E+00  0.0000E+00  0.0000E+00  0.0000E+00  
0.0000E+00  0.7362E-02  0.2206E-01  0.0000E+00  0.0000E+00  
0.0000E+00  0.0000E+00  0.0000E+00  0.0000E+00  0.0000E+00  
0.0000E+00  0.0000E+00  0.0000E+00  0.0000E+00  0.0000E+00  
0.0000E+00  0.0000E+00  0.0000E+00  0.0000E+00  0.0000E+00  
0.1410E+00  0.0000E+00  0.3582E-01  0.2071E+02
REACH    3        0     2  0.3835E+01  0.7603E-01  0.7596E-01  
0.7032E-04  0.0000E+00  0.3268E-07  0.0000E+00  0.0000E+00  
0.1568E-06  0.0000E+00  0.4703E-06  0.0000E+00  0.1753E+00  
0.1752E+00  0.1141E-02  0.1646E-02  0.0000E+00  0.0000E+00  
0.1569E-06  0.0000E+00  0.0000E+00  0.0000E+00  0.0000E+00  
0.0000E+00  0.2206E-01  0.6611E-01  0.0000E+00  0.0000E+00  
0.0000E+00  0.0000E+00  0.0000E+00  0.0000E+00  0.0000E+00  
0.0000E+00  0.0000E+00  0.0000E+00  0.0000E+00  0.0000E+00  
0.0000E+00  0.0000E+00  0.0000E+00  0.0000E+00  0.0000E+00  
0.1768E+00  0.0000E+00  0.2669E-01  0.2071E+02
REACH    4        0     2  0.5950E+00  0.8540E-02  0.8508E-02  
0.3210E-04  0.0000E+00  0.1569E-07  0.1569E-07  0.2134E-04  
0.5958E-07  0.0000E+00  0.1788E-06  0.0000E+00  0.5392E-02  
0.5371E-02  0.0000E+00  0.2150E-03  0.0000E+00  0.0000E+00  
0.5964E-07  0.0000E+00  0.0000E+00  0.0000E+00  0.0000E+00  
0.0000E+00  0.0000E+00  0.2205E-02  0.0000E+00  0.0000E+00  
0.0000E+00  0.0000E+00  0.0000E+00  0.0000E+00  0.0000E+00  
0.0000E+00  0.0000E+00  0.0000E+00  0.0000E+00  0.0000E+00  
0.0000E+00  0.0000E+00  0.0000E+00  0.0000E+00  0.0000E+00  
0.5586E-02  0.0000E+00  0.7307E-02  0.2071E+02
REACH    5        0     2  0.8613E+00  0.1601E-01  0.1593E-01  
0.7725E-04  0.0000E+00  0.2883E-07  0.2883E-07  0.2094E-04  
0.8637E-07  0.0000E+00  0.2591E-06  0.0000E+00  0.2593E-01  
0.2581E-01  0.0000E+00  0.5281E-03  0.0000E+00  0.0000E+00  
0.8645E-07  0.0000E+00  0.0000E+00  0.0000E+00  0.0000E+00  
0.0000E+00  0.0000E+00  0.4130E-02  0.0000E+00  0.0000E+00  
0.0000E+00  0.0000E+00  0.0000E+00  0.0000E+00  0.0000E+00  
0.0000E+00  0.0000E+00  0.0000E+00  0.0000E+00  0.0000E+00  
0.0000E+00  0.0000E+00  0.0000E+00  0.0000E+00  0.0000E+00  
0.2634E-01  0.0000E+00  0.1875E-01  0.2071E+02
REACH    6        0     2  0.5375E+00  0.9130E-02  0.9100E-02  
0.2959E-04  0.0000E+00  0.2971E-07  0.2971E-07  0.3778E-04  
0.5331E-07  0.0000E+00  0.1599E-06  0.0000E+00  0.6697E-02  
0.6676E-02  0.0000E+00  0.2032E-03  0.0000E+00  0.0000E+00  
0.5336E-07  0.0000E+00  0.0000E+00  0.0000E+00  0.0000E+00  
0.0000E+00  0.0000E+00  0.2359E-02  0.0000E+00  0.0000E+00  
0.0000E+00  0.0000E+00  0.0000E+00  0.0000E+00  0.0000E+00  
0.0000E+00  0.0000E+00  0.0000E+00  0.0000E+00  0.0000E+00  
0.0000E+00  0.0000E+00  0.0000E+00  0.0000E+00  0.0000E+00  
0.6879E-02  0.0000E+00  0.8490E-02  0.2071E+02
REACH    7        0     2  0.1842E+02  0.3721E+00  0.3707E+00  
0.1390E-02  0.0000E+00  0.1699E-06  0.0000E+00  0.0000E+00  
0.2978E-05  0.0000E+00  0.2202E-05  0.0000E+00  0.3135E+00  
0.3123E+00  0.5501E-02  0.1317E-01  0.0000E+00  0.0000E+00  
0.8021E-06  0.0000E+00  0.0000E+00  0.0000E+00  0.0000E+00  
0.0000E+00  0.1382E+00  0.4132E+00  0.0000E+00  0.0000E+00  
0.0000E+00  0.0000E+00  0.0000E+00  0.0000E+00  0.0000E+00  
0.0000E+00  0.0000E+00  0.0000E+00  0.0000E+00  0.0000E+00  
0.0000E+00  0.0000E+00  0.0000E+00  0.0000E+00  0.0000E+00  
0.3255E+00  0.0000E+00  0.9753E-02  0.2071E+02
REACH    8        0     2  0.1114E+01  0.2031E-01  0.2023E-01  
0.7299E-04  0.0000E+00  0.2283E-07  0.2283E-07  0.1306E-04  
0.2286E-06  0.0000E+00  0.3946E-06  0.0000E+00  0.1777E-01  
0.1771E-01  0.0000E+00  0.5041E-03  0.0000E+00  0.0000E+00  
0.1355E-06  0.0000E+00  0.0000E+00  0.0000E+00  0.0000E+00  
0.0000E+00  0.0000E+00  0.5245E-02  0.0000E+00  0.0000E+00  
0.0000E+00  0.0000E+00  0.0000E+00  0.0000E+00  0.0000E+00  
0.0000E+00  0.0000E+00  0.0000E+00  0.0000E+00  0.0000E+00  
0.0000E+00  0.0000E+00  0.0000E+00  0.0000E+00  0.0000E+00  
0.1821E-01  0.0000E+00  0.1013E-01  0.2071E+02
REACH    9        0     2  0.6744E+00  0.1403E-01  0.1402E-01  
0.1665E-04  0.0000E+00  0.1179E-07  0.1179E-07  0.9735E-05  
0.6716E-07  0.0000E+00  0.2015E-06  0.0000E+00  0.9112E-03  
0.9102E-03  0.0000E+00  0.1126E-03  0.0000E+00  0.0000E+00  
0.6723E-07  0.0000E+00  0.0000E+00  0.0000E+00  0.0000E+00  
0.0000E+00  0.0000E+00  0.3633E-02  0.0000E+00  0.0000E+00  
0.0000E+00  0.0000E+00  0.0000E+00  0.0000E+00  0.0000E+00  
0.0000E+00  0.0000E+00  0.0000E+00  0.0000E+00  0.0000E+00  
0.0000E+00  0.0000E+00  0.0000E+00  0.0000E+00  0.0000E+00  
0.1023E-02  0.0000E+00  0.7515E-03  0.2071E+02
REACH   10        0     2  0.3174E+01  0.7680E-01  0.7664E-01  
0.1599E-03  0.0000E+00  0.5941E-07  0.0000E+00  0.0000E+00  
0.2964E-07  0.0000E+00  0.8893E-07  0.0000E+00  0.2270E-01  
0.2266E-01  0.1150E-02  0.2293E-02  0.0000E+00  0.0000E+00  
0.2967E-07  0.0000E+00  0.0000E+00  0.0000E+00  0.0000E+00  
0.0000E+00  0.1822E-01  0.5456E-01  0.0000E+00  0.0000E+00  
0.0000E+00  0.0000E+00  0.0000E+00  0.0000E+00  0.0000E+00  
0.0000E+00  0.0000E+00  0.0000E+00  0.0000E+00  0.0000E+00  
0.0000E+00  0.0000E+00  0.0000E+00  0.0000E+00  0.0000E+00  
0.2495E-01  0.0000E+00  0.3422E-02  0.2071E+02
REACH   11        0     2  0.8369E+00  0.2488E-01  0.2484E-01  
0.3597E-04  0.0000E+00  0.1280E-07  0.1280E-07  0.5962E-05  
0.8306E-07  0.0000E+00  0.2492E-06  0.0000E+00  0.1880E-02  
0.1877E-02  0.0000E+00  0.2460E-03  0.0000E+00  0.0000E+00  
0.8314E-07  0.0000E+00  0.0000E+00  0.0000E+00  0.0000E+00  
0.0000E+00  0.0000E+00  0.6439E-02  0.0000E+00  0.0000E+00  
0.0000E+00  0.0000E+00  0.0000E+00  0.0000E+00  0.0000E+00  
0.0000E+00  0.0000E+00  0.0000E+00  0.0000E+00  0.0000E+00  
0.0000E+00  0.0000E+00  0.0000E+00  0.0000E+00  0.0000E+00  
0.2123E-02  0.0000E+00  0.8745E-03  0.2071E+02
       RCH      GIS   MON     AREAkm2  FLOW_INcms FLOW_OUTcms     
EVAPcms    TLOSScms  SED_INtons SED_OUTtonsSEDCONCmg/kg   ORGN_INkg  
ORGN_OUTkg   ORGP_INkg  ORGP_OUTkg    NO3_INkg   NO3_OUTkg    
NH4_INkg   NH4_OUTkg    NO2_INkg   NO2_OUTkg   MINP_INkg  MINP_OUTkg  
 CHLA_INkg  CHLA_OUTkg   CBOD_INkg  CBOD_OUTkg  DISOX_INkg 
DISOX_OUTkg SOLPST_INmgSOLPST_OUTmg SORPST_INmgSORPST_OUTmg  
REACTPSTmg    VOLPSTmg  
SETTLPSTmgRESUSP_PSTmgDIFFUSEPSTmgREACBEDPSTmg   BURYPSTmg   
BED_PSTmg BACTP_OUTctBACTLP_OUTct  CMETAL#1kg  CMETAL#2kg  CMETAL#3kg 
    TOT Nkg     TOT Pkg NO3ConcMg/l    WTMPdegc
REACH    1        0     1  0.1337E+01  0.2920E-01  0.2910E-01  
0.9987E-04  0.0000E+00  0.3441E-07  0.3441E-07  0.1369E-04  
0.1334E-06  0.0000E+00  0.4002E-06  0.0000E+00  0.9999E-01  
0.9965E-01  0.0000E+00  0.7193E-03  0.0000E+00  0.0000E+00  
0.1335E-06  0.0000E+00  0.0000E+00  0.0000E+00  0.0000E+00  
0.0000E+00  0.0000E+00  0.7544E-02  0.0000E+00  0.0000E+00  
0.0000E+00  0.0000E+00  0.0000E+00  0.0000E+00  0.0000E+00  
0.0000E+00  0.0000E+00  0.0000E+00  0.0000E+00  0.0000E+00  
0.0000E+00  0.0000E+00  0.0000E+00  0.0000E+00  0.0000E+00  
0.1004E+00  0.0000E+00  0.3963E-01  0.2041E+02
REACH    2        0     1  0.2266E+01  0.4651E-01  0.4646E-01  
0.5612E-04  0.0000E+00  0.5228E-07  0.0000E+00  0.0000E+00  
0.9301E-07  0.0000E+00  0.2790E-06  0.0000E+00  0.1512E+00  
0.1510E+00  0.7193E-03  0.1131E-02  0.0000E+00  0.0000E+00  
0.9311E-07  0.0000E+00  0.0000E+00  0.0000E+00  0.0000E+00  
0.0000E+00  0.7544E-02  0.2260E-01  0.0000E+00  0.0000E+00  
0.0000E+00  0.0000E+00  0.0000E+00  0.0000E+00  0.0000E+00  
0.0000E+00  0.0000E+00  0.0000E+00  0.0000E+00  0.0000E+00  
0.0000E+00  0.0000E+00  0.0000E+00  0.0000E+00  0.0000E+00  
0.1522E+00  0.0000E+00  0.3763E-01  0.2041E+02
REACH    3        0     1  0.3835E+01  0.7806E-01  0.7799E-01  
0.6663E-04  0.0000E+00  0.3268E-07  0.0000E+00  0.0000E+00  
0.1568E-06  0.0000E+00  0.4703E-06  0.0000E+00  0.1904E+00  
0.1902E+00  0.1131E-02  0.1626E-02  0.0000E+00  0.0000E+00  
0.1569E-06  0.0000E+00  0.0000E+00  0.0000E+00  0.0000E+00  
0.0000E+00  0.2260E-01  0.6775E-01  0.0000E+00  0.0000E+00  
0.0000E+00  0.0000E+00  0.0000E+00  0.0000E+00  0.0000E+00  
0.0000E+00  0.0000E+00  0.0000E+00  0.0000E+00  0.0000E+00  
0.0000E+00  0.0000E+00  0.0000E+00  0.0000E+00  0.0000E+00  
0.1918E+00  0.0000E+00  0.2823E-01  0.2041E+02
REACH    4        0     1  0.5950E+00  0.8780E-02  0.8749E-02  
0.3041E-04  0.0000E+00  0.1569E-07  0.1569E-07  0.2075E-04  
0.5958E-07  0.0000E+00  0.1788E-06  0.0000E+00  0.5870E-02  
0.5849E-02  0.0000E+00  0.2105E-03  0.0000E+00  0.0000E+00  
0.5964E-07  0.0000E+00  0.0000E+00  0.0000E+00  0.0000E+00  
0.0000E+00  0.0000E+00  0.2268E-02  0.0000E+00  0.0000E+00  
0.0000E+00  0.0000E+00  0.0000E+00  0.0000E+00  0.0000E+00  
0.0000E+00  0.0000E+00  0.0000E+00  0.0000E+00  0.0000E+00  
0.0000E+00  0.0000E+00  0.0000E+00  0.0000E+00  0.0000E+00  
0.6060E-02  0.0000E+00  0.7738E-02  0.2041E+02
REACH    5        0     1  0.8613E+00  0.1647E-01  0.1640E-01  
0.7319E-04  0.0000E+00  0.2883E-07  0.2883E-07  0.2035E-04  
0.8637E-07  0.0000E+00  0.2591E-06  0.0000E+00  0.2833E-01  
0.2820E-01  0.0000E+00  0.5171E-03  0.0000E+00  0.0000E+00  
0.8645E-07  0.0000E+00  0.0000E+00  0.0000E+00  0.0000E+00  
0.0000E+00  0.0000E+00  0.4251E-02  0.0000E+00  0.0000E+00  
0.0000E+00  0.0000E+00  0.0000E+00  0.0000E+00  0.0000E+00  
0.0000E+00  0.0000E+00  0.0000E+00  0.0000E+00  0.0000E+00  
0.0000E+00  0.0000E+00  0.0000E+00  0.0000E+00  0.0000E+00  
0.2872E-01  0.0000E+00  0.1990E-01  0.2041E+02
REACH    6        0     1  0.5375E+00  0.9301E-02  0.9273E-02  
0.2804E-04  0.0000E+00  0.2971E-07  0.2971E-07  0.3708E-04  
0.5331E-07  0.0000E+00  0.1599E-06  0.0000E+00  0.7427E-02  
0.7405E-02  0.0000E+00  0.1989E-03  0.0000E+00  0.0000E+00  
0.5336E-07  0.0000E+00  0.0000E+00  0.0000E+00  0.0000E+00  
0.0000E+00  0.0000E+00  0.2403E-02  0.0000E+00  0.0000E+00  
0.0000E+00  0.0000E+00  0.0000E+00  0.0000E+00  0.0000E+00  
0.0000E+00  0.0000E+00  0.0000E+00  0.0000E+00  0.0000E+00  
0.0000E+00  0.0000E+00  0.0000E+00  0.0000E+00  0.0000E+00  
0.7604E-02  0.0000E+00  0.9242E-02  0.2041E+02
REACH    7        0     1  0.1842E+02  0.3796E+00  0.3783E+00  
0.1344E-02  0.0000E+00  0.1699E-06  0.0000E+00  0.0000E+00  
0.2351E-04  0.0000E+00  0.1034E-04  0.0000E+00  0.3412E+00  
0.3400E+00  0.5400E-02  0.1291E-01  0.0000E+00  0.0000E+00  
0.4091E-05  0.0000E+00  0.0000E+00  0.0000E+00  0.0000E+00  
0.0000E+00  0.1411E+00  0.4217E+00  0.0000E+00  0.0000E+00  
0.0000E+00  0.0000E+00  0.0000E+00  0.0000E+00  0.0000E+00  
0.0000E+00  0.0000E+00  0.0000E+00  0.0000E+00  0.0000E+00  
0.0000E+00  0.0000E+00  0.0000E+00  0.0000E+00  0.0000E+00  
0.3529E+00  0.0000E+00  0.1040E-01  0.2041E+02
REACH    8        0     1  0.1114E+01  0.2070E-01  0.2063E-01  
0.6917E-04  0.0000E+00  0.2283E-07  0.2283E-07  0.1281E-04  
0.1310E-05  0.0000E+00  0.9709E-06  0.0000E+00  0.1991E-01  
0.1984E-01  0.0000E+00  0.4935E-03  0.0000E+00  0.0000E+00  
0.3662E-06  0.0000E+00  0.0000E+00  0.0000E+00  0.0000E+00  
0.0000E+00  0.0000E+00  0.5347E-02  0.0000E+00  0.0000E+00  
0.0000E+00  0.0000E+00  0.0000E+00  0.0000E+00  0.0000E+00  
0.0000E+00  0.0000E+00  0.0000E+00  0.0000E+00  0.0000E+00  
0.0000E+00  0.0000E+00  0.0000E+00  0.0000E+00  0.0000E+00  
0.2033E-01  0.0000E+00  0.1113E-01  0.2041E+02
REACH    9        0     1  0.6744E+00  0.1429E-01  0.1427E-01  
0.1578E-04  0.0000E+00  0.1179E-07  0.1179E-07  0.9560E-05  
0.6716E-07  0.0000E+00  0.2015E-06  0.0000E+00  0.1052E-02  
0.1050E-02  0.0000E+00  0.1102E-03  0.0000E+00  0.0000E+00  
0.6723E-07  0.0000E+00  0.0000E+00  0.0000E+00  0.0000E+00  
0.0000E+00  0.0000E+00  0.3700E-02  0.0000E+00  0.0000E+00  
0.0000E+00  0.0000E+00  0.0000E+00  0.0000E+00  0.0000E+00  
0.0000E+00  0.0000E+00  0.0000E+00  0.0000E+00  0.0000E+00  
0.0000E+00  0.0000E+00  0.0000E+00  0.0000E+00  0.0000E+00  
0.1161E-02  0.0000E+00  0.8518E-03  0.2041E+02
REACH   10        0     1  0.3174E+01  0.7789E-01  0.7774E-01  
0.1515E-03  0.0000E+00  0.5941E-07  0.0000E+00  0.0000E+00  
0.2964E-07  0.0000E+00  0.8893E-07  0.0000E+00  0.2474E-01  
0.2469E-01  0.1126E-02  0.2245E-02  0.0000E+00  0.0000E+00  
0.2967E-07  0.0000E+00  0.0000E+00  0.0000E+00  0.0000E+00  
0.0000E+00  0.1849E-01  0.5535E-01  0.0000E+00  0.0000E+00  
0.0000E+00  0.0000E+00  0.0000E+00  0.0000E+00  0.0000E+00  
0.0000E+00  0.0000E+00  0.0000E+00  0.0000E+00  0.0000E+00  
0.0000E+00  0.0000E+00  0.0000E+00  0.0000E+00  0.0000E+00  
0.2694E-01  0.0000E+00  0.3676E-02  0.2041E+02
REACH   11        0     1  0.8369E+00  0.2517E-01  0.2513E-01  
0.3409E-04  0.0000E+00  0.1280E-07  0.1280E-07  0.5893E-05  
0.8306E-07  0.0000E+00  0.2492E-06  0.0000E+00  0.2096E-02  
0.2093E-02  0.0000E+00  0.2408E-03  0.0000E+00  0.0000E+00  
0.8314E-07  0.0000E+00  0.0000E+00  0.0000E+00  0.0000E+00  
0.0000E+00  0.0000E+00  0.6514E-02  0.0000E+00  0.0000E+00  
0.0000E+00  0.0000E+00  0.0000E+00  0.0000E+00  0.0000E+00  
0.0000E+00  0.0000E+00  0.0000E+00  0.0000E+00  0.0000E+00  
0.0000E+00  0.0000E+00  0.0000E+00  0.0000E+00  0.0000E+00  
0.2334E-02  0.0000E+00  0.9638E-03  0.2041E+02
REACH   12        0     1  0.4850E+00  0.1331E-01  0.1328E-01  
0.2871E-04  0.0000E+00  0.1586E-07  0.1586E-07  0.1383E-04  
0.4807E-07  0.0000E+00  0.1442E-06  0.0000E+00  0.2575E-02  
0.2569E-02  0.0000E+00  0.2024E-03  0.0000E+00  0.0000E+00  
0.4812E-07  0.0000E+00  0.0000E+00  0.0000E+00  0.0000E+00  
0.0000E+00  0.0000E+00  0.3441E-02  0.0000E+00  0.0000E+00  
0.0000E+00  0.0000E+00  0.0000E+00  0.0000E+00  0.0000E+00  
0.0000E+00  0.0000E+00  0.0000E+00  0.0000E+00  0.0000E+00  
0.0000E+00  0.0000E+00  0.0000E+00  0.0000E+00  0.0000E+00  
0.2772E-02  0.0000E+00  0.2240E-02  0.2041E+02
REACH   13        0     1  0.1554E+01  0.3300E-01  0.3291E-01  
0.9282E-04  0.0000E+00  0.1687E-07  0.1687E-07  0.5934E-05  
0.1550E-06  0.0000E+00  0.4651E-06  0.0000E+00  0.1956E-01  
0.1951E-01  0.0000E+00  0.6824E-03  0.0000E+00  0.0000E+00  
0.1552E-06  0.0000E+00  0.0000E+00  0.0000E+00  0.0000E+00  
0.0000E+00  0.0000E+00  0.8530E-02  0.0000E+00  0.0000E+00  
0.0000E+00  0.0000E+00  0.0000E+00  0.0000E+00  0.0000E+00  
0.0000E+00  0.0000E+00  0.0000E+00  0.0000E+00  0.0000E+00  
0.0000E+00  0.0000E+00  0.0000E+00  0.0000E+00  0.0000E+00  
0.2019E-01  0.0000E+00  0.6860E-02  0.2041E+02
REACH    1        0     2  0.1337E+01  0.2850E-01  0.2840E-01  
0.1015E-03  0.0000E+00  0.3441E-07  0.3441E-07  0.1402E-04  
0.1334E-06  0.0000E+00  0.4002E-06  0.0000E+00  0.9263E-01  
0.9231E-01  0.0000E+00  0.7202E-03  0.0000E+00  0.0000E+00  
0.1335E-06  0.0000E+00  0.0000E+00  0.0000E+00  0.0000E+00  
0.0000E+00  0.0000E+00  0.7362E-02  0.0000E+00  0.0000E+00  
0.0000E+00  0.0000E+00  0.0000E+00  0.0000E+00  0.0000E+00  
0.0000E+00  0.0000E+00  0.0000E+00  0.0000E+00  0.0000E+00  
0.0000E+00  0.0000E+00  0.0000E+00  0.0000E+00  0.0000E+00  
0.9303E-01  0.0000E+00  0.3761E-01  0.2071E+02
REACH    2        0     2  0.2266E+01  0.4526E-01  0.4520E-01  
0.5924E-04  0.0000E+00  0.5228E-07  0.0000E+00  0.0000E+00  
0.9301E-07  0.0000E+00  0.2790E-06  0.0000E+00  0.1401E+00  
0.1399E+00  0.7202E-03  0.1141E-02  0.0000E+00  0.0000E+00  
0.9311E-07  0.0000E+00  0.0000E+00  0.0000E+00  0.0000E+00  
0.0000E+00  0.7362E-02  0.2206E-01  0.0000E+00  0.0000E+00  
0.0000E+00  0.0000E+00  0.0000E+00  0.0000E+00  0.0000E+00  
0.0000E+00  0.0000E+00  0.0000E+00  0.0000E+00  0.0000E+00  
0.0000E+00  0.0000E+00  0.0000E+00  0.0000E+00  0.0000E+00  
0.1410E+00  0.0000E+00  0.3582E-01  0.2071E+02
REACH    3        0     2  0.3835E+01  0.7603E-01  0.7596E-01  
0.7032E-04  0.0000E+00  0.3268E-07  0.0000E+00  0.0000E+00  
0.1568E-06  0.0000E+00  0.4703E-06  0.0000E+00  0.1753E+00  
0.1752E+00  0.1141E-02  0.1646E-02  0.0000E+00  0.0000E+00  
0.1569E-06  0.0000E+00  0.0000E+00  0.0000E+00  0.0000E+00  
0.0000E+00  0.2206E-01  0.6611E-01  0.0000E+00  0.0000E+00  
0.0000E+00  0.0000E+00  0.0000E+00  0.0000E+00  0.0000E+00  
0.0000E+00  0.0000E+00  0.0000E+00  0.0000E+00  0.0000E+00  
0.0000E+00  0.0000E+00  0.0000E+00  0.0000E+00  0.0000E+00  
0.1768E+00  0.0000E+00  0.2669E-01  0.2071E+02
REACH    4        0     2  0.5950E+00  0.8540E-02  0.8508E-02  
0.3210E-04  0.0000E+00  0.1569E-07  0.1569E-07  0.2134E-04  
0.5958E-07  0.0000E+00  0.1788E-06  0.0000E+00  0.5392E-02  
0.5371E-02  0.0000E+00  0.2150E-03  0.0000E+00  0.0000E+00  
0.5964E-07  0.0000E+00  0.0000E+00  0.0000E+00  0.0000E+00  
0.0000E+00  0.0000E+00  0.2205E-02  0.0000E+00  0.0000E+00  
0.0000E+00  0.0000E+00  0.0000E+00  0.0000E+00  0.0000E+00  
0.0000E+00  0.0000E+00  0.0000E+00  0.0000E+00  0.0000E+00  
0.0000E+00  0.0000E+00  0.0000E+00  0.0000E+00  0.0000E+00  
0.5586E-02  0.0000E+00  0.7307E-02  0.2071E+02
REACH    5        0     2  0.8613E+00  0.1601E-01  0.1593E-01  
0.7725E-04  0.0000E+00  0.2883E-07  0.2883E-07  0.2094E-04  
0.8637E-07  0.0000E+00  0.2591E-06  0.0000E+00  0.2593E-01  
0.2581E-01  0.0000E+00  0.5281E-03  0.0000E+00  0.0000E+00  
0.8645E-07  0.0000E+00  0.0000E+00  0.0000E+00  0.0000E+00  
0.0000E+00  0.0000E+00  0.4130E-02  0.0000E+00  0.0000E+00  
0.0000E+00  0.0000E+00  0.0000E+00  0.0000E+00  0.0000E+00  
0.0000E+00  0.0000E+00  0.0000E+00  0.0000E+00  0.0000E+00  
0.0000E+00  0.0000E+00  0.0000E+00  0.0000E+00  0.0000E+00  
0.2634E-01  0.0000E+00  0.1875E-01  0.2071E+02
REACH    6        0     2  0.5375E+00  0.9130E-02  0.9100E-02  
0.2959E-04  0.0000E+00  0.2971E-07  0.2971E-07  0.3778E-04  
0.5331E-07  0.0000E+00  0.1599E-06  0.0000E+00  0.6697E-02  
0.6676E-02  0.0000E+00  0.2032E-03  0.0000E+00  0.0000E+00  
0.5336E-07  0.0000E+00  0.0000E+00  0.0000E+00  0.0000E+00  
0.0000E+00  0.0000E+00  0.2359E-02  0.0000E+00  0.0000E+00  
0.0000E+00  0.0000E+00  0.0000E+00  0.0000E+00  0.0000E+00  
0.0000E+00  0.0000E+00  0.0000E+00  0.0000E+00  0.0000E+00  
0.0000E+00  0.0000E+00  0.0000E+00  0.0000E+00  0.0000E+00  
0.6879E-02  0.0000E+00  0.8490E-02  0.2071E+02
REACH    7        0     2  0.1842E+02  0.3721E+00  0.3707E+00  
0.1390E-02  0.0000E+00  0.1699E-06  0.0000E+00  0.0000E+00  
0.2978E-05  0.0000E+00  0.2202E-05  0.0000E+00  0.3135E+00  
0.3123E+00  0.5501E-02  0.1317E-01  0.0000E+00  0.0000E+00  
0.8021E-06  0.0000E+00  0.0000E+00  0.0000E+00  0.0000E+00  
0.0000E+00  0.1382E+00  0.4132E+00  0.0000E+00  0.0000E+00  
0.0000E+00  0.0000E+00  0.0000E+00  0.0000E+00  0.0000E+00  
0.0000E+00  0.0000E+00  0.0000E+00  0.0000E+00  0.0000E+00  
0.0000E+00  0.0000E+00  0.0000E+00  0.0000E+00  0.0000E+00  
0.3255E+00  0.0000E+00  0.9753E-02  0.2071E+02
REACH    8        0     2  0.1114E+01  0.2031E-01  0.2023E-01  
0.7299E-04  0.0000E+00  0.2283E-07  0.2283E-07  0.1306E-04  
0.2286E-06  0.0000E+00  0.3946E-06  0.0000E+00  0.1777E-01  
0.1771E-01  0.0000E+00  0.5041E-03  0.0000E+00  0.0000E+00  
0.1355E-06  0.0000E+00  0.0000E+00  0.0000E+00  0.0000E+00  
0.0000E+00  0.0000E+00  0.5245E-02  0.0000E+00  0.0000E+00  
0.0000E+00  0.0000E+00  0.0000E+00  0.0000E+00  0.0000E+00  
0.0000E+00  0.0000E+00  0.0000E+00  0.0000E+00  0.0000E+00  
0.0000E+00  0.0000E+00  0.0000E+00  0.0000E+00  0.0000E+00  
0.1821E-01  0.0000E+00  0.1013E-01  0.2071E+02
REACH    9        0     2  0.6744E+00  0.1403E-01  0.1402E-01  
0.1665E-04  0.0000E+00  0.1179E-07  0.1179E-07  0.9735E-05  
0.6716E-07  0.0000E+00  0.2015E-06  0.0000E+00  0.9112E-03  
0.9102E-03  0.0000E+00  0.1126E-03  0.0000E+00  0.0000E+00  
0.6723E-07  0.0000E+00  0.0000E+00  0.0000E+00  0.0000E+00  
0.0000E+00  0.0000E+00  0.3633E-02  0.0000E+00  0.0000E+00  
0.0000E+00  0.0000E+00  0.0000E+00  0.0000E+00  0.0000E+00  
0.0000E+00  0.0000E+00  0.0000E+00  0.0000E+00  0.0000E+00  
0.0000E+00  0.0000E+00  0.0000E+00  0.0000E+00  0.0000E+00  
0.1023E-02  0.0000E+00  0.7515E-03  0.2071E+02
REACH   10        0     2  0.3174E+01  0.7680E-01  0.7664E-01  
0.1599E-03  0.0000E+00  0.5941E-07  0.0000E+00  0.0000E+00  
0.2964E-07  0.0000E+00  0.8893E-07  0.0000E+00  0.2270E-01  
0.2266E-01  0.1150E-02  0.2293E-02  0.0000E+00  0.0000E+00  
0.2967E-07  0.0000E+00  0.0000E+00  0.0000E+00  0.0000E+00  
0.0000E+00  0.1822E-01  0.5456E-01  0.0000E+00  0.0000E+00  
0.0000E+00  0.0000E+00  0.0000E+00  0.0000E+00  0.0000E+00  
0.0000E+00  0.0000E+00  0.0000E+00  0.0000E+00  0.0000E+00  
0.0000E+00  0.0000E+00  0.0000E+00  0.0000E+00  0.0000E+00  
0.2495E-01  0.0000E+00  0.3422E-02  0.2071E+02
REACH   11        0     2  0.8369E+00  0.2488E-01  0.2484E-01  
0.3597E-04  0.0000E+00  0.1280E-07  0.1280E-07  0.5962E-05  
0.8306E-07  0.0000E+00  0.2492E-06  0.0000E+00  0.1880E-02  
0.1877E-02  0.0000E+00  0.2460E-03  0.0000E+00  0.0000E+00  
0.8314E-07  0.0000E+00  0.0000E+00  0.0000E+00  0.0000E+00  
0.0000E+00  0.0000E+00  0.6439E-02  0.0000E+00  0.0000E+00  
0.0000E+00  0.0000E+00  0.0000E+00  0.0000E+00  0.0000E+00  
0.0000E+00  0.0000E+00  0.0000E+00  0.0000E+00  0.0000E+00  
0.0000E+00  0.0000E+00  0.0000E+00  0.0000E+00  0.0000E+00  
0.2123E-02  0.0000E+00  0.8745E-03  0.2071E+02
       RCH      GIS   MON     AREAkm2  FLOW_INcms FLOW_OUTcms     
EVAPcms    TLOSScms  SED_INtons SED_OUTtonsSEDCONCmg/kg   ORGN_INkg  
ORGN_OUTkg   ORGP_INkg  ORGP_OUTkg    NO3_INkg   NO3_OUTkg    
NH4_INkg   NH4_OUTkg    NO2_INkg   NO2_OUTkg   MINP_INkg  MINP_OUTkg  
 CHLA_INkg  CHLA_OUTkg   CBOD_INkg  CBOD_OUTkg  DISOX_INkg 
DISOX_OUTkg SOLPST_INmgSOLPST_OUTmg SORPST_INmgSORPST_OUTmg  
REACTPSTmg    VOLPSTmg  
SETTLPSTmgRESUSP_PSTmgDIFFUSEPSTmgREACBEDPSTmg   BURYPSTmg   
BED_PSTmg BACTP_OUTctBACTLP_OUTct  CMETAL#1kg  CMETAL#2kg  CMETAL#3kg 
    TOT Nkg     TOT Pkg NO3ConcMg/l    WTMPdegc
REACH    1        0     1  0.1337E+01  0.2920E-01  0.2910E-01  
0.9987E-04  0.0000E+00  0.3441E-07  0.3441E-07  0.1369E-04  
0.1334E-06  0.0000E+00  0.4002E-06  0.0000E+00  0.9999E-01  
0.9965E-01  0.0000E+00  0.7193E-03  0.0000E+00  0.0000E+00  
0.1335E-06  0.0000E+00  0.0000E+00  0.0000E+00  0.0000E+00  
0.0000E+00  0.0000E+00  0.7544E-02  0.0000E+00  0.0000E+00  
0.0000E+00  0.0000E+00  0.0000E+00  0.0000E+00  0.0000E+00  
0.0000E+00  0.0000E+00  0.0000E+00  0.0000E+00  0.0000E+00  
0.0000E+00  0.0000E+00  0.0000E+00  0.0000E+00  0.0000E+00  
0.1004E+00  0.0000E+00  0.3963E-01  0.2041E+02
REACH    2        0     1  0.2266E+01  0.4651E-01  0.4646E-01  
0.5612E-04  0.0000E+00  0.5228E-07  0.0000E+00  0.0000E+00  
0.9301E-07  0.0000E+00  0.2790E-06  0.0000E+00  0.1512E+00  
0.1510E+00  0.7193E-03  0.1131E-02  0.0000E+00  0.0000E+00  
0.9311E-07  0.0000E+00  0.0000E+00  0.0000E+00  0.0000E+00  
0.0000E+00  0.7544E-02  0.2260E-01  0.0000E+00  0.0000E+00  
0.0000E+00  0.0000E+00  0.0000E+00  0.0000E+00  0.0000E+00  
0.0000E+00  0.0000E+00  0.0000E+00  0.0000E+00  0.0000E+00  
0.0000E+00  0.0000E+00  0.0000E+00  0.0000E+00  0.0000E+00  
0.1522E+00  0.0000E+00  0.3763E-01  0.2041E+02
REACH    3        0     1  0.3835E+01  0.7806E-01  0.7799E-01  
0.6663E-04  0.0000E+00  0.3268E-07  0.0000E+00  0.0000E+00  
0.1568E-06  0.0000E+00  0.4703E-06  0.0000E+00  0.1904E+00  
0.1902E+00  0.1131E-02  0.1626E-02  0.0000E+00  0.0000E+00  
0.1569E-06  0.0000E+00  0.0000E+00  0.0000E+00  0.0000E+00  
0.0000E+00  0.2260E-01  0.6775E-01  0.0000E+00  0.0000E+00  
0.0000E+00  0.0000E+00  0.0000E+00  0.0000E+00  0.0000E+00  
0.0000E+00  0.0000E+00  0.0000E+00  0.0000E+00  0.0000E+00  
0.0000E+00  0.0000E+00  0.0000E+00  0.0000E+00  0.0000E+00  
0.1918E+00  0.0000E+00  0.2823E-01  0.2041E+02
REACH    4        0     1  0.5950E+00  0.8780E-02  0.8749E-02  
0.3041E-04  0.0000E+00  0.1569E-07  0.1569E-07  0.2075E-04  
0.5958E-07  0.0000E+00  0.1788E-06  0.0000E+00  0.5870E-02  
0.5849E-02  0.0000E+00  0.2105E-03  0.0000E+00  0.0000E+00  
0.5964E-07  0.0000E+00  0.0000E+00  0.0000E+00  0.0000E+00  
0.0000E+00  0.0000E+00  0.2268E-02  0.0000E+00  0.0000E+00  
0.0000E+00  0.0000E+00  0.0000E+00  0.0000E+00  0.0000E+00  
0.0000E+00  0.0000E+00  0.0000E+00  0.0000E+00  0.0000E+00  
0.0000E+00  0.0000E+00  0.0000E+00  0.0000E+00  0.0000E+00  
0.6060E-02  0.0000E+00  0.7738E-02  0.2041E+02
REACH    5        0     1  0.8613E+00  0.1647E-01  0.1640E-01  
0.7319E-04  0.0000E+00  0.2883E-07  0.2883E-07  0.2035E-04  
0.8637E-07  0.0000E+00  0.2591E-06  0.0000E+00  0.2833E-01  
0.2820E-01  0.0000E+00  0.5171E-03  0.0000E+00  0.0000E+00  
0.8645E-07  0.0000E+00  0.0000E+00  0.0000E+00  0.0000E+00  
0.0000E+00  0.0000E+00  0.4251E-02  0.0000E+00  0.0000E+00  
0.0000E+00  0.0000E+00  0.0000E+00  0.0000E+00  0.0000E+00  
0.0000E+00  0.0000E+00  0.0000E+00  0.0000E+00  0.0000E+00  
0.0000E+00  0.0000E+00  0.0000E+00  0.0000E+00  0.0000E+00  
0.2872E-01  0.0000E+00  0.1990E-01  0.2041E+02
REACH    6        0     1  0.5375E+00  0.9301E-02  0.9273E-02  
0.2804E-04  0.0000E+00  0.2971E-07  0.2971E-07  0.3708E-04  
0.5331E-07  0.0000E+00  0.1599E-06  0.0000E+00  0.7427E-02  
0.7405E-02  0.0000E+00  0.1989E-03  0.0000E+00  0.0000E+00  
0.5336E-07  0.0000E+00  0.0000E+00  0.0000E+00  0.0000E+00  
0.0000E+00  0.0000E+00  0.2403E-02  0.0000E+00  0.0000E+00  
0.0000E+00  0.0000E+00  0.0000E+00  0.0000E+00  0.0000E+00  
0.0000E+00  0.0000E+00  0.0000E+00  0.0000E+00  0.0000E+00  
0.0000E+00  0.0000E+00  0.0000E+00  0.0000E+00  0.0000E+00  
0.7604E-02  0.0000E+00  0.9242E-02  0.2041E+02
REACH    7        0     1  0.1842E+02  0.3796E+00  0.3783E+00  
0.1344E-02  0.0000E+00  0.1699E-06  0.0000E+00  0.0000E+00  
0.2351E-04  0.0000E+00  0.1034E-04  0.0000E+00  0.3412E+00  
0.3400E+00  0.5400E-02  0.1291E-01  0.0000E+00  0.0000E+00  
0.4091E-05  0.0000E+00  0.0000E+00  0.0000E+00  0.0000E+00  
0.0000E+00  0.1411E+00  0.4217E+00  0.0000E+00  0.0000E+00  
0.0000E+00  0.0000E+00  0.0000E+00  0.0000E+00  0.0000E+00  
0.0000E+00  0.0000E+00  0.0000E+00  0.0000E+00  0.0000E+00  
0.0000E+00  0.0000E+00  0.0000E+00  0.0000E+00  0.0000E+00  
0.3529E+00  0.0000E+00  0.1040E-01  0.2041E+02
REACH    8        0     1  0.1114E+01  0.2070E-01  0.2063E-01  
0.6917E-04  0.0000E+00  0.2283E-07  0.2283E-07  0.1281E-04  
0.1310E-05  0.0000E+00  0.9709E-06  0.0000E+00  0.1991E-01  
0.1984E-01  0.0000E+00  0.4935E-03  0.0000E+00  0.0000E+00  
0.3662E-06  0.0000E+00  0.0000E+00  0.0000E+00  0.0000E+00  
0.0000E+00  0.0000E+00  0.5347E-02  0.0000E+00  0.0000E+00  
0.0000E+00  0.0000E+00  0.0000E+00  0.0000E+00  0.0000E+00  
0.0000E+00  0.0000E+00  0.0000E+00  0.0000E+00  0.0000E+00  
0.0000E+00  0.0000E+00  0.0000E+00  0.0000E+00  0.0000E+00  
0.2033E-01  0.0000E+00  0.1113E-01  0.2041E+02
REACH    9        0     1  0.6744E+00  0.1429E-01  0.1427E-01  
0.1578E-04  0.0000E+00  0.1179E-07  0.1179E-07  0.9560E-05  
0.6716E-07  0.0000E+00  0.2015E-06  0.0000E+00  0.1052E-02  
0.1050E-02  0.0000E+00  0.1102E-03  0.0000E+00  0.0000E+00  
0.6723E-07  0.0000E+00  0.0000E+00  0.0000E+00  0.0000E+00  
0.0000E+00  0.0000E+00  0.3700E-02  0.0000E+00  0.0000E+00  
0.0000E+00  0.0000E+00  0.0000E+00  0.0000E+00  0.0000E+00  
0.0000E+00  0.0000E+00  0.0000E+00  0.0000E+00  0.0000E+00  
0.0000E+00  0.0000E+00  0.0000E+00  0.0000E+00  0.0000E+00  
0.1161E-02  0.0000E+00  0.8518E-03  0.2041E+02
REACH   10        0     1  0.3174E+01  0.7789E-01  0.7774E-01  
0.1515E-03  0.0000E+00  0.5941E-07  0.0000E+00  0.0000E+00  
0.2964E-07  0.0000E+00  0.8893E-07  0.0000E+00  0.2474E-01  
0.2469E-01  0.1126E-02  0.2245E-02  0.0000E+00  0.0000E+00  
0.2967E-07  0.0000E+00  0.0000E+00  0.0000E+00  0.0000E+00  
0.0000E+00  0.1849E-01  0.5535E-01  0.0000E+00  0.0000E+00  
0.0000E+00  0.0000E+00  0.0000E+00  0.0000E+00  0.0000E+00  
0.0000E+00  0.0000E+00  0.0000E+00  0.0000E+00  0.0000E+00  
0.0000E+00  0.0000E+00  0.0000E+00  0.0000E+00  0.0000E+00  
0.2694E-01  0.0000E+00  0.3676E-02  0.2041E+02
REACH   11        0     1  0.8369E+00  0.2517E-01  0.2513E-01  
0.3409E-04  0.0000E+00  0.1280E-07  0.1280E-07  0.5893E-05  
0.8306E-07  0.0000E+00  0.2492E-06  0.0000E+00  0.2096E-02  
0.2093E-02  0.0000E+00  0.2408E-03  0.0000E+00  0.0000E+00  
0.8314E-07  0.0000E+00  0.0000E+00  0.0000E+00  0.0000E+00  
0.0000E+00  0.0000E+00  0.6514E-02  0.0000E+00  0.0000E+00  
0.0000E+00  0.0000E+00  0.0000E+00  0.0000E+00  0.0000E+00  
0.0000E+00  0.0000E+00  0.0000E+00  0.0000E+00  0.0000E+00  
0.0000E+00  0.0000E+00  0.0000E+00  0.0000E+00  0.0000E+00  
0.2334E-02  0.0000E+00  0.9638E-03  0.2041E+02
REACH   12        0     1  0.4850E+00  0.1331E-01  0.1328E-01  
0.2871E-04  0.0000E+00  0.1586E-07  0.1586E-07  0.1383E-04  
0.4807E-07  0.0000E+00  0.1442E-06  0.0000E+00  0.2575E-02  
0.2569E-02  0.0000E+00  0.2024E-03  0.0000E+00  0.0000E+00  
0.4812E-07  0.0000E+00  0.0000E+00  0.0000E+00  0.0000E+00  
0.0000E+00  0.0000E+00  0.3441E-02  0.0000E+00  0.0000E+00  
0.0000E+00  0.0000E+00  0.0000E+00  0.0000E+00  0.0000E+00  
0.0000E+00  0.0000E+00  0.0000E+00  0.0000E+00  0.0000E+00  
0.0000E+00  0.0000E+00  0.0000E+00  0.0000E+00  0.0000E+00  
0.2772E-02  0.0000E+00  0.2240E-02  0.2041E+02
REACH   13        0     1  0.1554E+01  0.3300E-01  0.3291E-01  
0.9282E-04  0.0000E+00  0.1687E-07  0.1687E-07  0.5934E-05  
0.1550E-06  0.0000E+00  0.4651E-06  0.0000E+00  0.1956E-01  
0.1951E-01  0.0000E+00  0.6824E-03  0.0000E+00  0.0000E+00  
0.1552E-06  0.0000E+00  0.0000E+00  0.0000E+00  0.0000E+00  
0.0000E+00  0.0000E+00  0.8530E-02  0.0000E+00  0.0000E+00  
0.0000E+00  0.0000E+00  0.0000E+00  0.0000E+00  0.0000E+00  
0.0000E+00  0.0000E+00  0.0000E+00  0.0000E+00  0.0000E+00  
0.0000E+00  0.0000E+00  0.0000E+00  0.0000E+00  0.0000E+00  
0.2019E-01  0.0000E+00  0.6860E-02  0.2041E+02
REACH    1        0     2  0.1337E+01  0.2850E-01  0.2840E-01  
0.1015E-03  0.0000E+00  0.3441E-07  0.3441E-07  0.1402E-04  
0.1334E-06  0.0000E+00  0.4002E-06  0.0000E+00  0.9263E-01  
0.9231E-01  0.0000E+00  0.7202E-03  0.0000E+00  0.0000E+00  
0.1335E-06  0.0000E+00  0.0000E+00  0.0000E+00  0.0000E+00  
0.0000E+00  0.0000E+00  0.7362E-02  0.0000E+00  0.0000E+00  
0.0000E+00  0.0000E+00  0.0000E+00  0.0000E+00  0.0000E+00  
0.0000E+00  0.0000E+00  0.0000E+00  0.0000E+00  0.0000E+00  
0.0000E+00  0.0000E+00  0.0000E+00  0.0000E+00  0.0000E+00  
0.9303E-01  0.0000E+00  0.3761E-01  0.2071E+02
REACH    2        0     2  0.2266E+01  0.4526E-01  0.4520E-01  
0.5924E-04  0.0000E+00  0.5228E-07  0.0000E+00  0.0000E+00  
0.9301E-07  0.0000E+00  0.2790E-06  0.0000E+00  0.1401E+00  
0.1399E+00  0.7202E-03  0.1141E-02  0.0000E+00  0.0000E+00  
0.9311E-07  0.0000E+00  0.0000E+00  0.0000E+00  0.0000E+00  
0.0000E+00  0.7362E-02  0.2206E-01  0.0000E+00  0.0000E+00  
0.0000E+00  0.0000E+00  0.0000E+00  0.0000E+00  0.0000E+00  
0.0000E+00  0.0000E+00  0.0000E+00  0.0000E+00  0.0000E+00  
0.0000E+00  0.0000E+00  0.0000E+00  0.0000E+00  0.0000E+00  
0.1410E+00  0.0000E+00  0.3582E-01  0.2071E+02
REACH    3        0     2  0.3835E+01  0.7603E-01  0.7596E-01  
0.7032E-04  0.0000E+00  0.3268E-07  0.0000E+00  0.0000E+00  
0.1568E-06  0.0000E+00  0.4703E-06  0.0000E+00  0.1753E+00  
0.1752E+00  0.1141E-02  0.1646E-02  0.0000E+00  0.0000E+00  
0.1569E-06  0.0000E+00  0.0000E+00  0.0000E+00  0.0000E+00  
0.0000E+00  0.2206E-01  0.6611E-01  0.0000E+00  0.0000E+00  
0.0000E+00  0.0000E+00  0.0000E+00  0.0000E+00  0.0000E+00  
0.0000E+00  0.0000E+00  0.0000E+00  0.0000E+00  0.0000E+00  
0.0000E+00  0.0000E+00  0.0000E+00  0.0000E+00  0.0000E+00  
0.1768E+00  0.0000E+00  0.2669E-01  0.2071E+02
REACH    4        0     2  0.5950E+00  0.8540E-02  0.8508E-02  
0.3210E-04  0.0000E+00  0.1569E-07  0.1569E-07  0.2134E-04  
0.5958E-07  0.0000E+00  0.1788E-06  0.0000E+00  0.5392E-02  
0.5371E-02  0.0000E+00  0.2150E-03  0.0000E+00  0.0000E+00  
0.5964E-07  0.0000E+00  0.0000E+00  0.0000E+00  0.0000E+00  
0.0000E+00  0.0000E+00  0.2205E-02  0.0000E+00  0.0000E+00  
0.0000E+00  0.0000E+00  0.0000E+00  0.0000E+00  0.0000E+00  
0.0000E+00  0.0000E+00  0.0000E+00  0.0000E+00  0.0000E+00  
0.0000E+00  0.0000E+00  0.0000E+00  0.0000E+00  0.0000E+00  
0.5586E-02  0.0000E+00  0.7307E-02  0.2071E+02
REACH    5        0     2  0.8613E+00  0.1601E-01  0.1593E-01  
0.7725E-04  0.0000E+00  0.2883E-07  0.2883E-07  0.2094E-04  
0.8637E-07  0.0000E+00  0.2591E-06  0.0000E+00  0.2593E-01  
0.2581E-01  0.0000E+00  0.5281E-03  0.0000E+00  0.0000E+00  
0.8645E-07  0.0000E+00  0.0000E+00  0.0000E+00  0.0000E+00  
0.0000E+00  0.0000E+00  0.4130E-02  0.0000E+00  0.0000E+00  
0.0000E+00  0.0000E+00  0.0000E+00  0.0000E+00  0.0000E+00  
0.0000E+00  0.0000E+00  0.0000E+00  0.0000E+00  0.0000E+00  
0.0000E+00  0.0000E+00  0.0000E+00  0.0000E+00  0.0000E+00  
0.2634E-01  0.0000E+00  0.1875E-01  0.2071E+02
REACH    6        0     2  0.5375E+00  0.9130E-02  0.9100E-02  
0.2959E-04  0.0000E+00  0.2971E-07  0.2971E-07  0.3778E-04  
0.5331E-07  0.0000E+00  0.1599E-06  0.0000E+00  0.6697E-02  
0.6676E-02  0.0000E+00  0.2032E-03  0.0000E+00  0.0000E+00  
0.5336E-07  0.0000E+00  0.0000E+00  0.0000E+00  0.0000E+00  
0.0000E+00  0.0000E+00  0.2359E-02  0.0000E+00  0.0000E+00  
0.0000E+00  0.0000E+00  0.0000E+00  0.0000E+00  0.0000E+00  
0.0000E+00  0.0000E+00  0.0000E+00  0.0000E+00  0.0000E+00  
0.0000E+00  0.0000E+00  0.0000E+00  0.0000E+00  0.0000E+00  
0.6879E-02  0.0000E+00  0.8490E-02  0.2071E+02
REACH    7        0     2  0.1842E+02  0.3721E+00  0.3707E+00  
0.1390E-02  0.0000E+00  0.1699E-06  0.0000E+00  0.0000E+00  
0.2978E-05  0.0000E+00  0.2202E-05  0.0000E+00  0.3135E+00  
0.3123E+00  0.5501E-02  0.1317E-01  0.0000E+00  0.0000E+00  
0.8021E-06  0.0000E+00  0.0000E+00  0.0000E+00  0.0000E+00  
0.0000E+00  0.1382E+00  0.4132E+00  0.0000E+00  0.0000E+00  
0.0000E+00  0.0000E+00  0.0000E+00  0.0000E+00  0.0000E+00  
0.0000E+00  0.0000E+00  0.0000E+00  0.0000E+00  0.0000E+00  
0.0000E+00  0.0000E+00  0.0000E+00  0.0000E+00  0.0000E+00  
0.3255E+00  0.0000E+00  0.9753E-02  0.2071E+02
REACH    8        0     2  0.1114E+01  0.2031E-01  0.2023E-01  
0.7299E-04  0.0000E+00  0.2283E-07  0.2283E-07  0.1306E-04  
0.2286E-06  0.0000E+00  0.3946E-06  0.0000E+00  0.1777E-01  
0.1771E-01  0.0000E+00  0.5041E-03  0.0000E+00  0.0000E+00  
0.1355E-06  0.0000E+00  0.0000E+00  0.0000E+00  0.0000E+00  
0.0000E+00  0.0000E+00  0.5245E-02  0.0000E+00  0.0000E+00  
0.0000E+00  0.0000E+00  0.0000E+00  0.0000E+00  0.0000E+00  
0.0000E+00  0.0000E+00  0.0000E+00  0.0000E+00  0.0000E+00  
0.0000E+00  0.0000E+00  0.0000E+00  0.0000E+00  0.0000E+00  
0.1821E-01  0.0000E+00  0.1013E-01  0.2071E+02
REACH    9        0     2  0.6744E+00  0.1403E-01  0.1402E-01  
0.1665E-04  0.0000E+00  0.1179E-07  0.1179E-07  0.9735E-05  
0.6716E-07  0.0000E+00  0.2015E-06  0.0000E+00  0.9112E-03  
0.9102E-03  0.0000E+00  0.1126E-03  0.0000E+00  0.0000E+00  
0.6723E-07  0.0000E+00  0.0000E+00  0.0000E+00  0.0000E+00  
0.0000E+00  0.0000E+00  0.3633E-02  0.0000E+00  0.0000E+00  
0.0000E+00  0.0000E+00  0.0000E+00  0.0000E+00  0.0000E+00  
0.0000E+00  0.0000E+00  0.0000E+00  0.0000E+00  0.0000E+00  
0.0000E+00  0.0000E+00  0.0000E+00  0.0000E+00  0.0000E+00  
0.1023E-02  0.0000E+00  0.7515E-03  0.2071E+02
REACH   10        0     2  0.3174E+01  0.7680E-01  0.7664E-01  
0.1599E-03  0.0000E+00  0.5941E-07  0.0000E+00  0.0000E+00  
0.2964E-07  0.0000E+00  0.8893E-07  0.0000E+00  0.2270E-01  
0.2266E-01  0.1150E-02  0.2293E-02  0.0000E+00  0.0000E+00  
0.2967E-07  0.0000E+00  0.0000E+00  0.0000E+00  0.0000E+00  
0.0000E+00  0.1822E-01  0.5456E-01  0.0000E+00  0.0000E+00  
0.0000E+00  0.0000E+00  0.0000E+00  0.0000E+00  0.0000E+00  
0.0000E+00  0.0000E+00  0.0000E+00  0.0000E+00  0.0000E+00  
0.0000E+00  0.0000E+00  0.0000E+00  0.0000E+00  0.0000E+00  
0.2495E-01  0.0000E+00  0.3422E-02  0.2071E+02
REACH   11        0     2  0.8369E+00  0.2488E-01  0.2484E-01  
0.3597E-04  0.0000E+00  0.1280E-07  0.1280E-07  0.5962E-05  
0.8306E-07  0.0000E+00  0.2492E-06  0.0000E+00  0.1880E-02  
0.1877E-02  0.0000E+00  0.2460E-03  0.0000E+00  0.0000E+00  
0.8314E-07  0.0000E+00  0.0000E+00  0.0000E+00  0.0000E+00  
0.0000E+00  0.0000E+00  0.6439E-02  0.0000E+00  0.0000E+00  
0.0000E+00  0.0000E+00  0.0000E+00  0.0000E+00  0.0000E+00  
0.0000E+00  0.0000E+00  0.0000E+00  0.0000E+00  0.0000E+00  
0.0000E+00  0.0000E+00  0.0000E+00  0.0000E+00  0.0000E+00  
0.2123E-02  0.0000E+00  0.8745E-03  0.2071E+02



git status

